************************************************ 
* artmuse patient study 
* date/time: 
* seed: 207888.1674 
* subject #: 505 
* subject name: S2 
************************************************ 
 
trial	stimOnsetTime	exptCond	stimNum	cue	probe	valid	resp	corResp	Acc	RT	e_VArtH		e_VArtFA	e_VRoomH	e_VRoomFA	e_IVArtH	e_IVArtFA	e_IVRoomH	e_IVRoomFA	c_VArtH	c_VArtFA	c_VRoomH	c_VRoomFA	c_IVArtH	c_IVArtFA	c_IVRoomH	c_IVRoomFA 
1	2.006		1		29	1	1	1	1	0	0	1.227	NaN		1.00		NaN		NaN		NaN		NaN		NaN		NaN		NaN		NaN		NaN		NaN		NaN		NaN		NaN		NaN		 
2	10.304		1		57	1	1	1	1	1	1	1.395	1.00		1.00		NaN		NaN		NaN		NaN		NaN		NaN		NaN		NaN		NaN		NaN		NaN		NaN		NaN		NaN		 
3	18.755		0		45	1	2	0	1	1	1	1.911	1.00		1.00		NaN		NaN		NaN		NaN		NaN		NaN		NaN		NaN		NaN		NaN		NaN		NaN		1.00		NaN		 
4	27.722		0		32	1	1	1	1	0	0	1.412	1.00		1.00		NaN		NaN		NaN		NaN		NaN		NaN		NaN		1.00		NaN		NaN		NaN		NaN		1.00		NaN		 
5	36.205		1		40	1	1	1	1	1	1	1.980	1.00		1.00		NaN		NaN		NaN		NaN		NaN		NaN		NaN		1.00		NaN		NaN		NaN		NaN		1.00		NaN		 
6	45.238		0		46	1	1	1	0	0	1	1.670	1.00		1.00		NaN		NaN		NaN		NaN		NaN		NaN		NaN		0.50		NaN		NaN		NaN		NaN		1.00		NaN		 
7	53.955		0		64	1	1	1	1	1	1	2.185	1.00		1.00		NaN		NaN		NaN		NaN		NaN		NaN		1.00		0.50		NaN		NaN		NaN		NaN		1.00		NaN		 
8	63.205		1		62	1	2	0	0	0	1	1.357	1.00		1.00		NaN		NaN		NaN		NaN		NaN		0.00		1.00		0.50		NaN		NaN		NaN		NaN		1.00		NaN		 
9	71.605		1		36	1	1	1	0	0	1	1.970	1.00		0.50		NaN		NaN		NaN		NaN		NaN		0.00		1.00		0.50		NaN		NaN		NaN		NaN		1.00		NaN		 
10	80.621		1		7	1	2	0	0	1	0	3.000	1.00		0.50		NaN		NaN		NaN		NaN		0.00		0.00		1.00		0.50		NaN		NaN		NaN		NaN		1.00		NaN		 
11	98.238		1		65	2	1	0	1	1	1	4.691	1.00		0.50		NaN		NaN		1.00		NaN		0.00		0.00		1.00		0.50		NaN		NaN		NaN		NaN		1.00		NaN		 
12	109.969		1		20	2	2	1	1	0	0	1.398	1.00		0.50		NaN		1.00		1.00		NaN		0.00		0.00		1.00		0.50		NaN		NaN		NaN		NaN		1.00		NaN		 
13	118.437		0		30	2	2	1	0	0	1	1.641	1.00		0.50		NaN		1.00		1.00		NaN		0.00		0.00		1.00		0.50		NaN		0.00		NaN		NaN		1.00		NaN		 
14	127.137		1		49	2	2	1	0	0	1	1.485	1.00		0.50		NaN		0.50		1.00		NaN		0.00		0.00		1.00		0.50		NaN		0.00		NaN		NaN		1.00		NaN		 
15	135.687		0		39	2	1	0	0	0	1	3.137	1.00		0.50		NaN		0.50		1.00		NaN		0.00		0.00		1.00		0.50		NaN		0.00		NaN		0.00		1.00		NaN		 
16	145.887		0		63	2	2	1	1	1	1	1.639	1.00		0.50		NaN		0.50		1.00		NaN		0.00		0.00		1.00		0.50		1.00		0.00		NaN		0.00		1.00		NaN		 
17	154.569		1		8	2	2	1	0	1	0	2.386	1.00		0.50		0.00		0.50		1.00		NaN		0.00		0.00		1.00		0.50		1.00		0.00		NaN		0.00		1.00		NaN		 
18	164.012		0		13	2	2	1	0	0	1	2.009	1.00		0.50		0.00		0.50		1.00		NaN		0.00		0.00		1.00		0.50		1.00		0.00		NaN		0.00		1.00		NaN		 
19	173.070		0		50	2	1	0	1	0	0	2.136	1.00		0.50		0.00		0.50		1.00		NaN		0.00		0.00		1.00		0.50		1.00		0.00		NaN		0.50		1.00		NaN		 
20	182.252		1		41	2	1	0	0	0	1	1.875	1.00		0.50		0.00		0.50		1.00		0.00		0.00		0.00		1.00		0.50		1.00		0.00		NaN		0.50		1.00		NaN		 
21	197.137		0		47	1	1	1	1	1	1	1.189	1.00		0.50		0.00		0.50		1.00		0.00		0.00		0.00		1.00		0.50		1.00		0.00		NaN		0.50		1.00		NaN		 
22	205.385		0		66	1	2	0	1	1	1	1.449	1.00		0.50		0.00		0.50		1.00		0.00		0.00		0.00		1.00		0.50		1.00		0.00		NaN		0.50		1.00		NaN		 
23	213.903		0		25	1	1	1	0	0	1	1.670	1.00		0.50		0.00		0.50		1.00		0.00		0.00		0.00		1.00		0.33		1.00		0.00		NaN		0.50		1.00		NaN		 
24	222.637		0		14	1	1	1	1	1	1	1.127	1.00		0.50		0.00		0.50		1.00		0.00		0.00		0.00		1.00		0.33		1.00		0.00		NaN		0.50		1.00		NaN		 
25	230.819		0		37	1	1	1	1	0	0	6.488	1.00		0.50		0.00		0.50		1.00		0.00		0.00		0.00		1.00		0.50		1.00		0.00		NaN		0.50		1.00		NaN		 
26	244.353		1		4	1	1	1	0	1	0	1.537	0.67		0.50		0.00		0.50		1.00		0.00		0.00		0.00		1.00		0.50		1.00		0.00		NaN		0.50		1.00		NaN		 
27	252.936		0		56	1	1	1	1	1	1	1.146	0.67		0.50		0.00		0.50		1.00		0.00		0.00		0.00		1.00		0.50		1.00		0.00		NaN		0.50		1.00		NaN		 
28	261.136		1		34	1	1	1	0	0	1	1.827	0.67		0.33		0.00		0.50		1.00		0.00		0.00		0.00		1.00		0.50		1.00		0.00		NaN		0.50		1.00		NaN		 
29	270.036		1		19	1	1	1	0	0	1	1.915	0.67		0.25		0.00		0.50		1.00		0.00		0.00		0.00		1.00		0.50		1.00		0.00		NaN		0.50		1.00		NaN		 
30	279.002		1		16	1	1	1	1	1	1	1.297	0.75		0.25		0.00		0.50		1.00		0.00		0.00		0.00		1.00		0.50		1.00		0.00		NaN		0.50		1.00		NaN		 
31	294.118		0		69	2	2	1	0	0	1	1.308	0.75		0.25		0.00		0.50		1.00		0.00		0.00		0.00		1.00		0.50		1.00		0.00		NaN		0.50		1.00		NaN		 
32	302.486		1		43	2	2	1	0	0	1	1.308	0.75		0.25		0.00		0.33		1.00		0.00		0.00		0.00		1.00		0.50		1.00		0.00		NaN		0.50		1.00		NaN		 
33	310.852		0		23	2	2	1	0	0	1	1.484	0.75		0.25		0.00		0.33		1.00		0.00		0.00		0.00		1.00		0.50		1.00		0.00		NaN		0.50		1.00		NaN		 
34	319.402		1		38	2	2	1	1	1	1	1.282	0.75		0.25		0.50		0.33		1.00		0.00		0.00		0.00		1.00		0.50		1.00		0.00		NaN		0.50		1.00		NaN		 
35	327.752		1		48	2	2	1	0	1	0	5.477	0.75		0.25		0.33		0.33		1.00		0.00		0.00		0.00		1.00		0.50		1.00		0.00		NaN		0.50		1.00		NaN		 
36	340.302		1		53	2	2	1	1	1	1	1.491	0.75		0.25		0.50		0.33		1.00		0.00		0.00		0.00		1.00		0.50		1.00		0.00		NaN		0.50		1.00		NaN		 
37	348.851		0		52	2	2	1	1	1	1	1.529	0.75		0.25		0.50		0.33		1.00		0.00		0.00		0.00		1.00		0.50		1.00		0.00		NaN		0.50		1.00		NaN		 
38	357.451		0		24	2	2	1	0	0	1	1.354	0.75		0.25		0.50		0.33		1.00		0.00		0.00		0.00		1.00		0.50		1.00		0.00		NaN		0.50		1.00		NaN		 
39	365.851		0		3	2	2	1	1	1	1	1.313	0.75		0.25		0.50		0.33		1.00		0.00		0.00		0.00		1.00		0.50		1.00		0.00		NaN		0.50		1.00		NaN		 
40	374.231		1		67	2	2	1	0	0	1	1.467	0.75		0.25		0.50		0.25		1.00		0.00		0.00		0.00		1.00		0.50		1.00		0.00		NaN		0.50		1.00		NaN		 
41	392.418		0		80	1	1	1	1	0	0	2.535	0.75		0.25		0.50		0.25		1.00		0.00		0.00		0.00		1.00		0.60		1.00		0.00		NaN		0.50		1.00		NaN		 
42	402.001		0		59	1	2	0	0	0	1	2.835	0.75		0.25		0.50		0.25		1.00		0.00		0.00		0.00		1.00		0.60		1.00		0.00		NaN		0.50		1.00		0.00		 
43	411.884		1		42	1	1	1	1	1	1	1.515	0.80		0.25		0.50		0.25		1.00		0.00		0.00		0.00		1.00		0.60		1.00		0.00		NaN		0.50		1.00		0.00		 
44	420.466		1		27	1	2	0	0	1	0	1.257	0.80		0.25		0.50		0.25		1.00		0.00		0.00		0.00		1.00		0.60		1.00		0.00		NaN		0.50		1.00		0.00		 
45	428.767		0		22	1	1	1	0	0	1	1.367	0.80		0.25		0.50		0.25		1.00		0.00		0.00		0.00		1.00		0.50		1.00		0.00		NaN		0.50		1.00		0.00		 
46	437.183		1		10	1	1	1	1	0	0	5.563	0.80		0.40		0.50		0.25		1.00		0.00		0.00		0.00		1.00		0.50		1.00		0.00		NaN		0.50		1.00		0.00		 
47	449.817		1		18	1	1	1	0	1	0	3.531	0.67		0.40		0.50		0.25		1.00		0.00		0.00		0.00		1.00		0.50		1.00		0.00		NaN		0.50		1.00		0.00		 
48	460.417		0		33	1	1	1	1	0	0	6.352	0.67		0.40		0.50		0.25		1.00		0.00		0.00		0.00		1.00		0.57		1.00		0.00		NaN		0.50		1.00		0.00		 
49	473.816		0		9	1	1	1	1	1	1	1.464	0.67		0.40		0.50		0.25		1.00		0.00		0.00		0.00		1.00		0.57		1.00		0.00		NaN		0.50		1.00		0.00		 
50	482.343		1		77	1	1	1	0	0	1	1.349	0.67		0.33		0.50		0.25		1.00		0.00		0.00		0.00		1.00		0.57		1.00		0.00		NaN		0.50		1.00		0.00		 
51	514.366		0		74	2	2	1	1	1	1	1.315	0.67		0.33		0.50		0.25		1.00		0.00		0.00		0.00		1.00		0.57		1.00		0.00		NaN		0.50		1.00		0.00		 
52	522.732		1		54	2	1	0	1	1	1	2.651	0.67		0.33		0.50		0.25		1.00		0.00		0.00		0.00		1.00		0.57		1.00		0.00		NaN		0.50		1.00		0.00		 
53	532.433		1		31	2	2	1	1	1	1	1.891	0.67		0.33		0.60		0.25		1.00		0.00		0.00		0.00		1.00		0.57		1.00		0.00		NaN		0.50		1.00		0.00		 
54	541.366		0		79	2	1	0	1	1	1	1.501	0.67		0.33		0.60		0.25		1.00		0.00		0.00		0.00		1.00		0.57		1.00		0.00		1.00		0.50		1.00		0.00		 
55	549.915		0		51	2	2	1	0	0	1	1.590	0.67		0.33		0.60		0.25		1.00		0.00		0.00		0.00		1.00		0.57		1.00		0.00		1.00		0.50		1.00		0.00		 
56	558.549		1		35	2	2	1	0	1	0	1.316	0.67		0.33		0.50		0.25		1.00		0.00		0.00		0.00		1.00		0.57		1.00		0.00		1.00		0.50		1.00		0.00		 
57	566.931		1		60	2	2	1	0	0	1	1.257	0.67		0.33		0.50		0.20		1.00		0.00		0.00		0.00		1.00		0.57		1.00		0.00		1.00		0.50		1.00		0.00		 
58	575.232		1		28	2	2	1	0	0	1	1.412	0.67		0.33		0.50		0.17		1.00		0.00		0.00		0.00		1.00		0.57		1.00		0.00		1.00		0.50		1.00		0.00		 
59	583.699		0		76	2	2	1	1	1	1	1.206	0.67		0.33		0.50		0.17		1.00		0.00		0.00		0.00		1.00		0.57		1.00		0.00		1.00		0.50		1.00		0.00		 
60	591.948		0		5	2	2	1	1	1	1	1.390	0.67		0.33		0.50		0.17		1.00		0.00		0.00		0.00		1.00		0.57		1.00		0.00		1.00		0.50		1.00		0.00		 
61	608.215		0		78	1	1	1	0	0	1	3.938	0.67		0.33		0.50		0.17		1.00		0.00		0.00		0.00		1.00		0.50		1.00		0.00		1.00		0.50		1.00		0.00		 
62	619.198		0		21	1	2	0	0	0	1	3.958	0.67		0.33		0.50		0.17		1.00		0.00		0.00		0.00		1.00		0.50		1.00		0.00		1.00		0.50		1.00		0.00		 
63	630.198		1		15	1	1	1	1	0	0	1.180	0.67		0.43		0.50		0.17		1.00		0.00		0.00		0.00		1.00		0.50		1.00		0.00		1.00		0.50		1.00		0.00		 
64	638.431		1		55	1	1	1	1	1	1	1.389	0.71		0.43		0.50		0.17		1.00		0.00		0.00		0.00		1.00		0.50		1.00		0.00		1.00		0.50		1.00		0.00		 
65	646.864		0		61	1	1	1	1	1	1	1.241	0.71		0.43		0.50		0.17		1.00		0.00		0.00		0.00		1.00		0.50		1.00		0.00		1.00		0.50		1.00		0.00		 
66	655.148		0		11	1	1	1	1	1	1	1.263	0.71		0.43		0.50		0.17		1.00		0.00		0.00		0.00		1.00		0.50		1.00		0.00		1.00		0.50		1.00		0.00		 
67	663.481		1		70	1	1	1	0	1	0	2.570	0.62		0.43		0.50		0.17		1.00		0.00		0.00		0.00		1.00		0.50		1.00		0.00		1.00		0.50		1.00		0.00		 
68	673.097		0		44	1	1	1	1	1	1	1.380	0.62		0.43		0.50		0.17		1.00		0.00		0.00		0.00		1.00		0.50		1.00		0.00		1.00		0.50		1.00		0.00		 
69	681.531		1		72	1	1	1	0	0	1	1.571	0.62		0.38		0.50		0.17		1.00		0.00		0.00		0.00		1.00		0.50		1.00		0.00		1.00		0.50		1.00		0.00		 
70	690.164		1		75	1	2	0	0	0	1	1.724	0.62		0.38		0.50		0.17		1.00		0.00		0.00		0.00		1.00		0.50		1.00		0.00		1.00		0.50		1.00		0.00		 
71	719.580		0		58	2	2	1	1	1	1	1.244	0.62		0.38		0.50		0.17		1.00		0.00		0.00		0.00		1.00		0.50		1.00		0.00		1.00		0.50		1.00		0.00		 
72	727.880		1		71	2	2	1	0	0	1	1.405	0.62		0.38		0.50		0.14		1.00		0.00		0.00		0.00		1.00		0.50		1.00		0.00		1.00		0.50		1.00		0.00		 
73	736.330		0		2	2	2	1	1	1	1	1.328	0.62		0.38		0.50		0.14		1.00		0.00		0.00		0.00		1.00		0.50		1.00		0.00		1.00		0.50		1.00		0.00		 
74	744.729		0		1	2	2	1	0	0	1	1.228	0.62		0.38		0.50		0.14		1.00		0.00		0.00		0.00		1.00		0.50		1.00		0.00		1.00		0.50		1.00		0.00		 
75	753.013		1		73	2	2	1	0	0	1	2.269	0.62		0.38		0.50		0.12		1.00		0.00		0.00		0.00		1.00		0.50		1.00		0.00		1.00		0.50		1.00		0.00		 
76	762.329		1		26	2	1	0	0	0	1	2.145	0.62		0.38		0.50		0.12		1.00		0.00		0.00		0.00		1.00		0.50		1.00		0.00		1.00		0.50		1.00		0.00		 
77	771.546		1		17	2	2	1	0	1	0	1.556	0.62		0.38		0.43		0.12		1.00		0.00		0.00		0.00		1.00		0.50		1.00		0.00		1.00		0.50		1.00		0.00		 
78	780.162		1		6	2	2	1	0	1	0	1.588	0.62		0.38		0.38		0.12		1.00		0.00		0.00		0.00		1.00		0.50		1.00		0.00		1.00		0.50		1.00		0.00		 
79	788.796		0		68	2	1	0	1	1	1	1.940	0.62		0.38		0.38		0.12		1.00		0.00		0.00		0.00		1.00		0.50		1.00		0.00		1.00		0.50		1.00		0.00		 
80	797.779		0		12	2	2	1	0	0	1	1.762	0.62		0.38		0.38		0.12		1.00		0.00		0.00		0.00		1.00		0.50		1.00		0.00		1.00		0.50		1.00		0.00		 
