************************************************ 
* artmuse patient study 
* date/time: 
* seed: 211143.1508 
* subject #: 721 
* subject name: S2 
************************************************ 
 
trial	stimOnsetTime	exptCond	stimNum	cue	probe	valid	resp	corResp	Acc	RT	e_VArtH		e_VArtFA	e_VRoomH	e_VRoomFA	e_IVArtH	e_IVArtFA	e_IVRoomH	e_IVRoomFA	c_VArtH	c_VArtFA	c_VRoomH	c_VRoomFA	c_IVArtH	c_IVArtFA	c_IVRoomH	c_IVRoomFA 
1	2.004		1		15	1	1	1	1	1	1	0.667	1.00		NaN		NaN		NaN		NaN		NaN		NaN		NaN		NaN		NaN		NaN		NaN		NaN		NaN		NaN		NaN		 
2	9.720		0		11	1	1	1	1	1	1	0.692	1.00		NaN		NaN		NaN		NaN		NaN		NaN		NaN		1.00		NaN		NaN		NaN		NaN		NaN		NaN		NaN		 
3	17.454		1		18	1	1	1	0	0	1	0.685	1.00		0.00		NaN		NaN		NaN		NaN		NaN		NaN		1.00		NaN		NaN		NaN		NaN		NaN		NaN		NaN		 
4	25.186		0		21	1	1	1	1	1	1	0.629	1.00		0.00		NaN		NaN		NaN		NaN		NaN		NaN		1.00		NaN		NaN		NaN		NaN		NaN		NaN		NaN		 
5	32.871		0		4	1	1	1	0	0	1	0.843	1.00		0.00		NaN		NaN		NaN		NaN		NaN		NaN		1.00		0.00		NaN		NaN		NaN		NaN		NaN		NaN		 
6	40.770		0		34	1	1	1	0	0	1	0.987	1.00		0.00		NaN		NaN		NaN		NaN		NaN		NaN		1.00		0.00		NaN		NaN		NaN		NaN		NaN		NaN		 
7	48.803		0		29	1	1	1	1	1	1	0.570	1.00		0.00		NaN		NaN		NaN		NaN		NaN		NaN		1.00		0.00		NaN		NaN		NaN		NaN		NaN		NaN		 
8	56.420		0		70	1	1	1	0	0	1	0.975	1.00		0.00		NaN		NaN		NaN		NaN		NaN		NaN		1.00		0.00		NaN		NaN		NaN		NaN		NaN		NaN		 
9	64.435		0		54	1	1	1	1	1	1	0.883	1.00		0.00		NaN		NaN		NaN		NaN		NaN		NaN		1.00		0.00		NaN		NaN		NaN		NaN		NaN		NaN		 
10	72.370		0		26	1	1	1	1	1	1	1.005	1.00		0.00		NaN		NaN		NaN		NaN		NaN		NaN		1.00		0.00		NaN		NaN		NaN		NaN		NaN		NaN		 
11	85.569		0		58	2	2	1	1	1	1	0.735	1.00		0.00		NaN		NaN		NaN		NaN		NaN		NaN		1.00		0.00		1.00		NaN		NaN		NaN		NaN		NaN		 
12	93.352		1		35	2	2	1	0	0	1	1.058	1.00		0.00		NaN		0.00		NaN		NaN		NaN		NaN		1.00		0.00		1.00		NaN		NaN		NaN		NaN		NaN		 
13	101.451		0		49	2	2	1	1	1	1	0.640	1.00		0.00		NaN		0.00		NaN		NaN		NaN		NaN		1.00		0.00		1.00		NaN		NaN		NaN		NaN		NaN		 
14	109.135		0		16	2	2	1	1	1	1	0.725	1.00		0.00		NaN		0.00		NaN		NaN		NaN		NaN		1.00		0.00		1.00		NaN		NaN		NaN		NaN		NaN		 
15	116.902		1		45	2	2	1	1	1	1	0.549	1.00		0.00		1.00		0.00		NaN		NaN		NaN		NaN		1.00		0.00		1.00		NaN		NaN		NaN		NaN		NaN		 
16	124.502		0		50	2	2	1	1	0	0	2.021	1.00		0.00		1.00		0.00		NaN		NaN		NaN		NaN		1.00		0.00		1.00		1.00		NaN		NaN		NaN		NaN		 
17	133.568		0		8	2	2	1	1	1	1	0.867	1.00		0.00		1.00		0.00		NaN		NaN		NaN		NaN		1.00		0.00		1.00		1.00		NaN		NaN		NaN		NaN		 
18	141.484		1		51	2	2	1	0	0	1	0.460	1.00		0.00		1.00		0.00		NaN		NaN		NaN		NaN		1.00		0.00		1.00		1.00		NaN		NaN		NaN		NaN		 
19	149.001		1		47	2	2	1	1	1	1	0.618	1.00		0.00		1.00		0.00		NaN		NaN		NaN		NaN		1.00		0.00		1.00		1.00		NaN		NaN		NaN		NaN		 
20	156.668		0		56	2	2	1	0	0	1	0.767	1.00		0.00		1.00		0.00		NaN		NaN		NaN		NaN		1.00		0.00		1.00		0.50		NaN		NaN		NaN		NaN		 
21	169.718		0		9	1	2	0	0	0	1	0.496	1.00		0.00		1.00		0.00		NaN		NaN		NaN		NaN		1.00		0.00		1.00		0.50		NaN		NaN		NaN		0.00		 
22	177.268		0		30	1	1	1	0	0	1	0.793	1.00		0.00		1.00		0.00		NaN		NaN		NaN		NaN		1.00		0.00		1.00		0.50		NaN		NaN		NaN		0.00		 
23	185.101		1		62	1	1	1	0	0	1	0.598	1.00		0.00		1.00		0.00		NaN		NaN		NaN		NaN		1.00		0.00		1.00		0.50		NaN		NaN		NaN		0.00		 
24	192.750		1		14	1	1	1	1	1	1	0.629	1.00		0.00		1.00		0.00		NaN		NaN		NaN		NaN		1.00		0.00		1.00		0.50		NaN		NaN		NaN		0.00		 
25	200.433		1		31	1	2	0	0	0	1	1.531	1.00		0.00		1.00		0.00		NaN		NaN		NaN		0.00		1.00		0.00		1.00		0.50		NaN		NaN		NaN		0.00		 
26	209.017		0		37	1	2	0	0	1	0	1.806	1.00		0.00		1.00		0.00		NaN		NaN		NaN		0.00		1.00		0.00		1.00		0.50		NaN		NaN		0.00		0.00		 
27	217.867		0		7	1	2	0	0	0	1	1.498	1.00		0.00		1.00		0.00		NaN		NaN		NaN		0.00		1.00		0.00		1.00		0.50		NaN		NaN		0.00		0.00		 
28	226.416		1		6	1	1	1	1	1	1	0.769	1.00		0.00		1.00		0.00		NaN		NaN		NaN		0.00		1.00		0.00		1.00		0.50		NaN		NaN		0.00		0.00		 
29	234.233		1		64	1	1	1	0	1	0	0.554	0.75		0.00		1.00		0.00		NaN		NaN		NaN		0.00		1.00		0.00		1.00		0.50		NaN		NaN		0.00		0.00		 
30	241.833		1		1	1	2	0	0	1	0	1.720	0.75		0.00		1.00		0.00		NaN		NaN		0.00		0.00		1.00		0.00		1.00		0.50		NaN		NaN		0.00		0.00		 
31	254.949		0		61	2	2	1	0	0	1	0.986	0.75		0.00		1.00		0.00		NaN		NaN		0.00		0.00		1.00		0.00		1.00		0.33		NaN		NaN		0.00		0.00		 
32	262.983		1		3	2	2	1	1	1	1	4.195	0.75		0.00		1.00		0.00		NaN		NaN		0.00		0.00		1.00		0.00		1.00		0.33		NaN		NaN		0.00		0.00		 
33	274.232		1		13	2	2	1	1	1	1	0.717	0.75		0.00		1.00		0.00		NaN		NaN		0.00		0.00		1.00		0.00		1.00		0.33		NaN		NaN		0.00		0.00		 
34	281.998		1		39	2	1	0	0	1	0	1.741	0.75		0.00		1.00		0.00		0.00		NaN		0.00		0.00		1.00		0.00		1.00		0.33		NaN		NaN		0.00		0.00		 
35	290.782		0		5	2	2	1	0	0	1	0.894	0.75		0.00		1.00		0.00		0.00		NaN		0.00		0.00		1.00		0.00		1.00		0.25		NaN		NaN		0.00		0.00		 
36	298.731		0		60	2	2	1	1	1	1	0.601	0.75		0.00		1.00		0.00		0.00		NaN		0.00		0.00		1.00		0.00		1.00		0.25		NaN		NaN		0.00		0.00		 
37	306.382		0		69	2	1	0	0	1	0	3.399	0.75		0.00		1.00		0.00		0.00		NaN		0.00		0.00		1.00		0.00		1.00		0.25		0.00		NaN		0.00		0.00		 
38	316.830		0		22	2	2	1	0	0	1	1.164	0.75		0.00		1.00		0.00		0.00		NaN		0.00		0.00		1.00		0.00		1.00		0.20		0.00		NaN		0.00		0.00		 
39	325.048		1		79	2	2	1	0	0	1	0.949	0.75		0.00		1.00		0.00		0.00		NaN		0.00		0.00		1.00		0.00		1.00		0.20		0.00		NaN		0.00		0.00		 
40	333.048		0		63	2	2	1	1	1	1	1.099	0.75		0.00		1.00		0.00		0.00		NaN		0.00		0.00		1.00		0.00		1.00		0.20		0.00		NaN		0.00		0.00		 
41	345.047		0		74	1	1	1	1	0	0	0.814	0.75		0.00		1.00		0.00		0.00		NaN		0.00		0.00		1.00		0.20		1.00		0.20		0.00		NaN		0.00		0.00		 
42	352.913		1		33	1	1	1	1	1	1	0.769	0.80		0.00		1.00		0.00		0.00		NaN		0.00		0.00		1.00		0.20		1.00		0.20		0.00		NaN		0.00		0.00		 
43	360.730		1		43	1	1	1	0	0	1	0.608	0.80		0.00		1.00		0.00		0.00		NaN		0.00		0.00		1.00		0.20		1.00		0.20		0.00		NaN		0.00		0.00		 
44	368.381		1		66	1	1	1	0	0	1	1.179	0.80		0.00		1.00		0.00		0.00		NaN		0.00		0.00		1.00		0.20		1.00		0.20		0.00		NaN		0.00		0.00		 
45	376.614		1		40	1	1	1	0	0	1	0.932	0.80		0.00		1.00		0.00		0.00		NaN		0.00		0.00		1.00		0.20		1.00		0.20		0.00		NaN		0.00		0.00		 
46	384.597		0		42	1	1	1	0	0	1	0.939	0.80		0.00		1.00		0.00		0.00		NaN		0.00		0.00		1.00		0.17		1.00		0.20		0.00		NaN		0.00		0.00		 
47	392.579		1		19	1	2	0	0	1	0	0.339	0.80		0.00		1.00		0.00		0.00		NaN		0.00		0.00		1.00		0.17		1.00		0.20		0.00		NaN		0.00		0.00		 
48	399.964		1		41	1	2	0	0	0	1	1.415	0.80		0.00		1.00		0.00		0.00		NaN		0.00		0.00		1.00		0.17		1.00		0.20		0.00		NaN		0.00		0.00		 
49	408.430		0		55	1	1	1	0	1	0	1.446	0.80		0.00		1.00		0.00		0.00		NaN		0.00		0.00		0.83		0.17		1.00		0.20		0.00		NaN		0.00		0.00		 
50	416.929		1		73	1	1	1	0	0	1	1.168	0.80		0.00		1.00		0.00		0.00		NaN		0.00		0.00		0.83		0.17		1.00		0.20		0.00		NaN		0.00		0.00		 
51	431.779		1		67	2	2	1	1	0	0	1.098	0.80		0.00		1.00		0.25		0.00		NaN		0.00		0.00		0.83		0.17		1.00		0.20		0.00		NaN		0.00		0.00		 
52	439.929		1		46	2	2	1	1	1	1	0.568	0.80		0.00		1.00		0.25		0.00		NaN		0.00		0.00		0.83		0.17		1.00		0.20		0.00		NaN		0.00		0.00		 
53	447.546		1		48	2	1	0	1	1	1	2.192	0.80		0.00		1.00		0.25		0.50		NaN		0.00		0.00		0.83		0.17		1.00		0.20		0.00		NaN		0.00		0.00		 
54	456.778		0		77	2	2	1	1	1	1	1.248	0.80		0.00		1.00		0.25		0.50		NaN		0.00		0.00		0.83		0.17		1.00		0.20		0.00		NaN		0.00		0.00		 
55	465.078		1		23	2	2	1	0	1	0	1.867	0.80		0.00		0.83		0.25		0.50		NaN		0.00		0.00		0.83		0.17		1.00		0.20		0.00		NaN		0.00		0.00		 
56	473.995		0		10	2	1	0	0	0	1	3.095	0.80		0.00		0.83		0.25		0.50		NaN		0.00		0.00		0.83		0.17		1.00		0.20		0.00		0.00		0.00		0.00		 
57	484.145		0		12	2	2	1	0	0	1	0.977	0.80		0.00		0.83		0.25		0.50		NaN		0.00		0.00		0.83		0.17		1.00		0.17		0.00		0.00		0.00		0.00		 
58	492.177		0		20	2	2	1	0	0	1	1.268	0.80		0.00		0.83		0.25		0.50		NaN		0.00		0.00		0.83		0.17		1.00		0.14		0.00		0.00		0.00		0.00		 
59	500.495		1		17	2	2	1	0	0	1	0.367	0.80		0.00		0.83		0.20		0.50		NaN		0.00		0.00		0.83		0.17		1.00		0.14		0.00		0.00		0.00		0.00		 
60	507.911		1		2	2	2	1	1	1	1	0.499	0.80		0.00		0.86		0.20		0.50		NaN		0.00		0.00		0.83		0.17		1.00		0.14		0.00		0.00		0.00		0.00		 
61	585.726		1		25	1	1	1	0	0	1	0.654	0.80		0.00		0.86		0.20		0.50		NaN		0.00		0.00		0.83		0.17		1.00		0.14		0.00		0.00		0.00		0.00		 
62	593.426		1		68	1	1	1	0	0	1	0.417	0.80		0.00		0.86		0.20		0.50		NaN		0.00		0.00		0.83		0.17		1.00		0.14		0.00		0.00		0.00		0.00		 
63	600.892		0		71	1	1	1	1	1	1	0.734	0.80		0.00		0.86		0.20		0.50		NaN		0.00		0.00		0.86		0.17		1.00		0.14		0.00		0.00		0.00		0.00		 
64	608.676		1		38	1	1	1	1	1	1	0.638	0.83		0.00		0.86		0.20		0.50		NaN		0.00		0.00		0.86		0.17		1.00		0.14		0.00		0.00		0.00		0.00		 
65	616.359		0		27	1	2	0	1	1	1	1.624	0.83		0.00		0.86		0.20		0.50		NaN		0.00		0.00		0.86		0.17		1.00		0.14		0.00		0.00		0.50		0.00		 
66	625.025		0		72	1	1	1	0	0	1	0.909	0.83		0.00		0.86		0.20		0.50		NaN		0.00		0.00		0.86		0.14		1.00		0.14		0.00		0.00		0.50		0.00		 
67	632.975		0		28	1	1	1	0	0	1	0.964	0.83		0.00		0.86		0.20		0.50		NaN		0.00		0.00		0.86		0.12		1.00		0.14		0.00		0.00		0.50		0.00		 
68	640.992		0		44	1	1	1	1	1	1	1.122	0.83		0.00		0.86		0.20		0.50		NaN		0.00		0.00		0.88		0.12		1.00		0.14		0.00		0.00		0.50		0.00		 
69	649.158		1		57	1	1	1	1	1	1	1.129	0.86		0.00		0.86		0.20		0.50		NaN		0.00		0.00		0.88		0.12		1.00		0.14		0.00		0.00		0.50		0.00		 
70	657.342		1		36	1	1	1	1	1	1	0.837	0.88		0.00		0.86		0.20		0.50		NaN		0.00		0.00		0.88		0.12		1.00		0.14		0.00		0.00		0.50		0.00		 
71	690.607		0		78	2	2	1	0	0	1	0.369	0.88		0.00		0.86		0.20		0.50		NaN		0.00		0.00		0.88		0.12		1.00		0.12		0.00		0.00		0.50		0.00		 
72	698.024		0		80	2	1	0	1	0	0	1.832	0.88		0.00		0.86		0.20		0.50		NaN		0.00		0.00		0.88		0.12		1.00		0.12		0.00		0.50		0.50		0.00		 
73	706.907		1		59	2	2	1	0	0	1	0.706	0.88		0.00		0.86		0.17		0.50		NaN		0.00		0.00		0.88		0.12		1.00		0.12		0.00		0.50		0.50		0.00		 
74	714.657		1		52	2	1	0	0	0	1	1.706	0.88		0.00		0.86		0.17		0.50		0.00		0.00		0.00		0.88		0.12		1.00		0.12		0.00		0.50		0.50		0.00		 
75	723.407		0		76	2	2	1	1	1	1	1.062	0.88		0.00		0.86		0.17		0.50		0.00		0.00		0.00		0.88		0.12		1.00		0.12		0.00		0.50		0.50		0.00		 
76	731.522		1		75	2	2	1	0	0	1	0.982	0.88		0.00		0.86		0.14		0.50		0.00		0.00		0.00		0.88		0.12		1.00		0.12		0.00		0.50		0.50		0.00		 
77	739.557		1		65	2	1	0	1	0	0	2.779	0.88		0.00		0.86		0.14		0.50		0.50		0.00		0.00		0.88		0.12		1.00		0.12		0.00		0.50		0.50		0.00		 
78	749.389		1		24	2	2	1	0	1	0	1.402	0.88		0.00		0.75		0.14		0.50		0.50		0.00		0.00		0.88		0.12		1.00		0.12		0.00		0.50		0.50		0.00		 
79	757.839		0		32	2	1	0	0	1	0	2.563	0.88		0.00		0.75		0.14		0.50		0.50		0.00		0.00		0.88		0.12		1.00		0.12		0.00		0.50		0.50		0.00		 
80	767.456		1		53	2	2	1	0	0	1	1.143	0.88		0.00		0.75		0.12		0.50		0.50		0.00		0.00		0.88		0.12		1.00		0.12		0.00		0.50		0.50		0.00		 
