************************************************ 
* artmuse patient study 
* date/time: 
* seed: 211220.1764 
* subject #: 511 
* subject name: S2 
************************************************ 
 
trial	stimOnsetTime	exptCond	stimNum	cue	probe	valid	resp	corResp	Acc	RT	e_VArtH		e_VArtFA	e_VRoomH	e_VRoomFA	e_IVArtH	e_IVArtFA	e_IVRoomH	e_IVRoomFA	c_VArtH	c_VArtFA	c_VRoomH	c_VRoomFA	c_IVArtH	c_IVArtFA	c_IVRoomH	c_IVRoomFA 
1	1.997		0		14	1	2	0	1	0	0	3.880	NaN		NaN		NaN		NaN		NaN		NaN		NaN		NaN		NaN		NaN		NaN		NaN		NaN		NaN		NaN		1.00		 
2	12.930		0		30	1	1	1	1	1	1	1.055	NaN		NaN		NaN		NaN		NaN		NaN		NaN		NaN		1.00		NaN		NaN		NaN		NaN		NaN		NaN		1.00		 
3	21.030		1		27	1	1	1	1	1	1	1.175	1.00		NaN		NaN		NaN		NaN		NaN		NaN		NaN		1.00		NaN		NaN		NaN		NaN		NaN		NaN		1.00		 
4	29.247		1		20	1	2	0	1	1	1	1.085	1.00		NaN		NaN		NaN		NaN		NaN		1.00		NaN		1.00		NaN		NaN		NaN		NaN		NaN		NaN		1.00		 
5	37.380		0		8	1	1	1	1	1	1	0.905	1.00		NaN		NaN		NaN		NaN		NaN		1.00		NaN		1.00		NaN		NaN		NaN		NaN		NaN		NaN		1.00		 
6	45.329		0		22	1	1	1	1	1	1	1.125	1.00		NaN		NaN		NaN		NaN		NaN		1.00		NaN		1.00		NaN		NaN		NaN		NaN		NaN		NaN		1.00		 
7	53.496		0		52	1	1	1	1	0	0	1.133	1.00		NaN		NaN		NaN		NaN		NaN		1.00		NaN		1.00		1.00		NaN		NaN		NaN		NaN		NaN		1.00		 
8	61.680		1		36	1	1	1	1	1	1	0.968	1.00		NaN		NaN		NaN		NaN		NaN		1.00		NaN		1.00		1.00		NaN		NaN		NaN		NaN		NaN		1.00		 
9	69.696		0		58	1	1	1	0	0	1	0.959	1.00		NaN		NaN		NaN		NaN		NaN		1.00		NaN		1.00		0.50		NaN		NaN		NaN		NaN		NaN		1.00		 
10	77.696		0		39	1	2	0	0	0	1	2.370	1.00		NaN		NaN		NaN		NaN		NaN		1.00		NaN		1.00		0.50		NaN		NaN		NaN		NaN		NaN		0.50		 
11	92.029		1		50	2	2	1	1	1	1	1.055	1.00		NaN		1.00		NaN		NaN		NaN		1.00		NaN		1.00		0.50		NaN		NaN		NaN		NaN		NaN		0.50		 
12	100.128		1		75	2	2	1	1	1	1	1.007	1.00		NaN		1.00		NaN		NaN		NaN		1.00		NaN		1.00		0.50		NaN		NaN		NaN		NaN		NaN		0.50		 
13	108.179		1		17	2	2	1	1	1	1	0.907	1.00		NaN		1.00		NaN		NaN		NaN		1.00		NaN		1.00		0.50		NaN		NaN		NaN		NaN		NaN		0.50		 
14	116.129		0		33	2	2	1	0	0	1	1.508	1.00		NaN		1.00		NaN		NaN		NaN		1.00		NaN		1.00		0.50		NaN		0.00		NaN		NaN		NaN		0.50		 
15	124.678		0		28	2	2	1	0	0	1	0.785	1.00		NaN		1.00		NaN		NaN		NaN		1.00		NaN		1.00		0.50		NaN		0.00		NaN		NaN		NaN		0.50		 
16	132.512		0		1	2	2	1	1	0	0	0.921	1.00		NaN		1.00		NaN		NaN		NaN		1.00		NaN		1.00		0.50		NaN		0.33		NaN		NaN		NaN		0.50		 
17	140.477		1		71	2	2	1	1	1	1	0.973	1.00		NaN		1.00		NaN		NaN		NaN		1.00		NaN		1.00		0.50		NaN		0.33		NaN		NaN		NaN		0.50		 
18	148.494		1		70	2	2	1	0	0	1	0.819	1.00		NaN		1.00		0.00		NaN		NaN		1.00		NaN		1.00		0.50		NaN		0.33		NaN		NaN		NaN		0.50		 
19	156.361		0		72	2	1	0	1	1	1	2.203	1.00		NaN		1.00		0.00		NaN		NaN		1.00		NaN		1.00		0.50		NaN		0.33		1.00		NaN		NaN		0.50		 
20	165.611		0		67	2	2	1	1	1	1	0.883	1.00		NaN		1.00		0.00		NaN		NaN		1.00		NaN		1.00		0.50		1.00		0.33		1.00		NaN		NaN		0.50		 
21	242.476		0		65	1	1	1	1	1	1	0.989	1.00		NaN		1.00		0.00		NaN		NaN		1.00		NaN		1.00		0.50		1.00		0.33		1.00		NaN		NaN		0.50		 
22	250.508		1		40	1	1	1	0	0	1	0.909	1.00		0.00		1.00		0.00		NaN		NaN		1.00		NaN		1.00		0.50		1.00		0.33		1.00		NaN		NaN		0.50		 
23	258.458		1		80	1	2	0	0	0	1	1.691	1.00		0.00		1.00		0.00		NaN		NaN		1.00		0.00		1.00		0.50		1.00		0.33		1.00		NaN		NaN		0.50		 
24	267.192		0		23	1	2	0	1	1	1	1.978	1.00		0.00		1.00		0.00		NaN		NaN		1.00		0.00		1.00		0.50		1.00		0.33		1.00		NaN		1.00		0.50		 
25	276.225		0		68	1	1	1	1	0	0	1.722	1.00		0.00		1.00		0.00		NaN		NaN		1.00		0.00		1.00		0.67		1.00		0.33		1.00		NaN		1.00		0.50		 
26	284.991		1		57	1	1	1	1	1	1	0.856	1.00		0.00		1.00		0.00		NaN		NaN		1.00		0.00		1.00		0.67		1.00		0.33		1.00		NaN		1.00		0.50		 
27	292.892		0		29	1	1	1	1	0	0	1.648	1.00		0.00		1.00		0.00		NaN		NaN		1.00		0.00		1.00		0.75		1.00		0.33		1.00		NaN		1.00		0.50		 
28	301.591		1		12	1	1	1	0	1	0	0.918	0.75		0.00		1.00		0.00		NaN		NaN		1.00		0.00		1.00		0.75		1.00		0.33		1.00		NaN		1.00		0.50		 
29	309.557		0		19	1	1	1	1	1	1	0.911	0.75		0.00		1.00		0.00		NaN		NaN		1.00		0.00		1.00		0.75		1.00		0.33		1.00		NaN		1.00		0.50		 
30	317.524		0		42	1	1	1	0	0	1	1.057	0.75		0.00		1.00		0.00		NaN		NaN		1.00		0.00		1.00		0.60		1.00		0.33		1.00		NaN		1.00		0.50		 
31	327.791		1		53	2	2	1	0	0	1	1.026	0.75		0.00		1.00		0.00		NaN		NaN		1.00		0.00		1.00		0.60		1.00		0.33		1.00		NaN		1.00		0.50		 
32	335.857		1		77	2	2	1	0	0	1	0.952	0.75		0.00		1.00		0.00		NaN		NaN		1.00		0.00		1.00		0.60		1.00		0.33		1.00		NaN		1.00		0.50		 
33	343.857		1		69	2	2	1	0	0	1	0.783	0.75		0.00		1.00		0.00		NaN		NaN		1.00		0.00		1.00		0.60		1.00		0.33		1.00		NaN		1.00		0.50		 
34	351.690		1		16	2	1	0	1	1	1	1.818	0.75		0.00		1.00		0.00		1.00		NaN		1.00		0.00		1.00		0.60		1.00		0.33		1.00		NaN		1.00		0.50		 
35	360.556		1		43	2	1	0	1	0	0	0.789	0.75		0.00		1.00		0.00		1.00		1.00		1.00		0.00		1.00		0.60		1.00		0.33		1.00		NaN		1.00		0.50		 
36	368.390		0		49	2	2	1	1	1	1	0.857	0.75		0.00		1.00		0.00		1.00		1.00		1.00		0.00		1.00		0.60		1.00		0.33		1.00		NaN		1.00		0.50		 
37	376.290		0		3	2	2	1	1	1	1	0.797	0.75		0.00		1.00		0.00		1.00		1.00		1.00		0.00		1.00		0.60		1.00		0.33		1.00		NaN		1.00		0.50		 
38	384.140		0		37	2	2	1	1	1	1	0.831	0.75		0.00		1.00		0.00		1.00		1.00		1.00		0.00		1.00		0.60		1.00		0.33		1.00		NaN		1.00		0.50		 
39	392.022		0		46	2	2	1	1	1	1	0.885	0.75		0.00		1.00		0.00		1.00		1.00		1.00		0.00		1.00		0.60		1.00		0.33		1.00		NaN		1.00		0.50		 
40	399.956		0		26	2	1	0	1	1	1	1.182	0.75		0.00		1.00		0.00		1.00		1.00		1.00		0.00		1.00		0.60		1.00		0.33		1.00		NaN		1.00		0.50		 
41	410.656		0		45	1	1	1	0	0	1	3.286	0.75		0.00		1.00		0.00		1.00		1.00		1.00		0.00		1.00		0.50		1.00		0.33		1.00		NaN		1.00		0.50		 
42	420.989		1		5	1	1	1	1	0	0	0.945	0.75		0.50		1.00		0.00		1.00		1.00		1.00		0.00		1.00		0.50		1.00		0.33		1.00		NaN		1.00		0.50		 
43	428.989		1		18	1	1	1	0	0	1	0.937	0.75		0.33		1.00		0.00		1.00		1.00		1.00		0.00		1.00		0.50		1.00		0.33		1.00		NaN		1.00		0.50		 
44	436.972		1		55	1	1	1	1	0	0	0.856	0.75		0.50		1.00		0.00		1.00		1.00		1.00		0.00		1.00		0.50		1.00		0.33		1.00		NaN		1.00		0.50		 
45	444.872		0		6	1	1	1	1	1	1	0.831	0.75		0.50		1.00		0.00		1.00		1.00		1.00		0.00		1.00		0.50		1.00		0.33		1.00		NaN		1.00		0.50		 
46	452.755		0		61	1	1	1	0	0	1	1.071	0.75		0.50		1.00		0.00		1.00		1.00		1.00		0.00		1.00		0.43		1.00		0.33		1.00		NaN		1.00		0.50		 
47	460.871		1		48	1	2	0	1	0	0	2.727	0.75		0.50		1.00		0.00		1.00		1.00		1.00		0.50		1.00		0.43		1.00		0.33		1.00		NaN		1.00		0.50		 
48	470.654		1		13	1	1	1	0	0	1	0.845	0.75		0.40		1.00		0.00		1.00		1.00		1.00		0.50		1.00		0.43		1.00		0.33		1.00		NaN		1.00		0.50		 
49	478.555		0		38	1	1	1	1	1	1	1.981	0.75		0.40		1.00		0.00		1.00		1.00		1.00		0.50		1.00		0.43		1.00		0.33		1.00		NaN		1.00		0.50		 
50	487.587		1		78	1	1	1	1	0	0	1.440	0.75		0.50		1.00		0.00		1.00		1.00		1.00		0.50		1.00		0.43		1.00		0.33		1.00		NaN		1.00		0.50		 
51	500.021		1		66	2	1	0	1	1	1	1.249	0.75		0.50		1.00		0.00		1.00		1.00		1.00		0.50		1.00		0.43		1.00		0.33		1.00		NaN		1.00		0.50		 
52	508.321		1		74	2	2	1	1	0	0	1.115	0.75		0.50		1.00		0.20		1.00		1.00		1.00		0.50		1.00		0.43		1.00		0.33		1.00		NaN		1.00		0.50		 
53	516.486		0		59	2	2	1	0	0	1	1.625	0.75		0.50		1.00		0.20		1.00		1.00		1.00		0.50		1.00		0.43		1.00		0.25		1.00		NaN		1.00		0.50		 
54	525.154		1		73	2	1	0	1	0	0	1.337	0.75		0.50		1.00		0.20		1.00		1.00		1.00		0.50		1.00		0.43		1.00		0.25		1.00		NaN		1.00		0.50		 
55	533.537		0		2	2	2	1	1	1	1	0.985	0.75		0.50		1.00		0.20		1.00		1.00		1.00		0.50		1.00		0.43		1.00		0.25		1.00		NaN		1.00		0.50		 
56	541.570		1		24	2	2	1	0	0	1	0.901	0.75		0.50		1.00		0.17		1.00		1.00		1.00		0.50		1.00		0.43		1.00		0.25		1.00		NaN		1.00		0.50		 
57	549.519		1		11	2	2	1	1	1	1	0.890	0.75		0.50		1.00		0.17		1.00		1.00		1.00		0.50		1.00		0.43		1.00		0.25		1.00		NaN		1.00		0.50		 
58	557.453		0		51	2	2	1	1	1	1	0.874	0.75		0.50		1.00		0.17		1.00		1.00		1.00		0.50		1.00		0.43		1.00		0.25		1.00		NaN		1.00		0.50		 
59	565.369		1		54	2	2	1	1	1	1	1.094	0.75		0.50		1.00		0.17		1.00		1.00		1.00		0.50		1.00		0.43		1.00		0.25		1.00		NaN		1.00		0.50		 
60	573.519		0		31	2	2	1	0	0	1	2.130	0.75		0.50		1.00		0.17		1.00		1.00		1.00		0.50		1.00		0.43		1.00		0.20		1.00		NaN		1.00		0.50		 
61	586.769		1		64	1	1	1	1	0	0	1.206	0.75		0.57		1.00		0.17		1.00		1.00		1.00		0.50		1.00		0.43		1.00		0.20		1.00		NaN		1.00		0.50		 
62	595.019		1		10	1	1	1	1	1	1	2.337	0.80		0.57		1.00		0.17		1.00		1.00		1.00		0.50		1.00		0.43		1.00		0.20		1.00		NaN		1.00		0.50		 
63	604.402		0		41	1	2	0	1	1	1	1.482	0.80		0.57		1.00		0.17		1.00		1.00		1.00		0.50		1.00		0.43		1.00		0.20		1.00		NaN		1.00		0.50		 
64	612.935		1		9	1	1	1	1	1	1	1.237	0.83		0.57		1.00		0.17		1.00		1.00		1.00		0.50		1.00		0.43		1.00		0.20		1.00		NaN		1.00		0.50		 
65	621.218		0		56	1	1	1	1	1	1	0.956	0.83		0.57		1.00		0.17		1.00		1.00		1.00		0.50		1.00		0.43		1.00		0.20		1.00		NaN		1.00		0.50		 
66	629.219		1		34	1	2	0	1	1	1	2.069	0.83		0.57		1.00		0.17		1.00		1.00		1.00		0.50		1.00		0.43		1.00		0.20		1.00		NaN		1.00		0.50		 
67	638.335		1		47	1	1	1	1	0	0	0.935	0.83		0.62		1.00		0.17		1.00		1.00		1.00		0.50		1.00		0.43		1.00		0.20		1.00		NaN		1.00		0.50		 
68	646.318		1		15	1	1	1	1	1	1	0.955	0.86		0.62		1.00		0.17		1.00		1.00		1.00		0.50		1.00		0.43		1.00		0.20		1.00		NaN		1.00		0.50		 
69	654.318		0		7	1	1	1	0	0	1	0.724	0.86		0.62		1.00		0.17		1.00		1.00		1.00		0.50		1.00		0.38		1.00		0.20		1.00		NaN		1.00		0.50		 
70	662.084		1		60	1	1	1	1	1	1	0.975	0.88		0.62		1.00		0.17		1.00		1.00		1.00		0.50		1.00		0.38		1.00		0.20		1.00		NaN		1.00		0.50		 
71	813.797		0		44	2	2	1	0	0	1	0.722	0.88		0.62		1.00		0.17		1.00		1.00		1.00		0.50		1.00		0.38		1.00		0.17		1.00		NaN		1.00		0.50		 
72	821.563		0		4	2	1	0	0	0	1	0.865	0.88		0.62		1.00		0.17		1.00		1.00		1.00		0.50		1.00		0.38		1.00		0.17		1.00		0.00		1.00		0.50		 
73	829.481		1		62	2	2	1	0	0	1	0.892	0.88		0.62		1.00		0.14		1.00		1.00		1.00		0.50		1.00		0.38		1.00		0.17		1.00		0.00		1.00		0.50		 
74	837.413		0		25	2	2	1	0	0	1	0.984	0.88		0.62		1.00		0.14		1.00		1.00		1.00		0.50		1.00		0.38		1.00		0.14		1.00		0.00		1.00		0.50		 
75	845.447		1		79	2	2	1	1	1	1	1.120	0.88		0.62		1.00		0.14		1.00		1.00		1.00		0.50		1.00		0.38		1.00		0.14		1.00		0.00		1.00		0.50		 
76	853.614		0		35	2	2	1	0	0	1	0.967	0.88		0.62		1.00		0.14		1.00		1.00		1.00		0.50		1.00		0.38		1.00		0.12		1.00		0.00		1.00		0.50		 
77	861.630		0		63	2	1	0	1	0	0	3.714	0.88		0.62		1.00		0.14		1.00		1.00		1.00		0.50		1.00		0.38		1.00		0.12		1.00		0.50		1.00		0.50		 
78	872.396		0		32	2	2	1	1	1	1	0.635	0.88		0.62		1.00		0.14		1.00		1.00		1.00		0.50		1.00		0.38		1.00		0.12		1.00		0.50		1.00		0.50		 
79	880.080		1		21	2	2	1	0	0	1	1.083	0.88		0.62		1.00		0.12		1.00		1.00		1.00		0.50		1.00		0.38		1.00		0.12		1.00		0.50		1.00		0.50		 
80	888.213		1		76	2	2	1	1	1	1	0.858	0.88		0.62		1.00		0.12		1.00		1.00		1.00		0.50		1.00		0.38		1.00		0.12		1.00		0.50		1.00		0.50		 
