************************************************ 
* artmuse patient study 
* date/time: 
* seed: 212210.9572 
* subject #: 717 
* subject name: S2 
************************************************ 
 
trial	stimOnsetTime	exptCond	stimNum	cue	probe	valid	resp	corResp	Acc	RT	e_VArtH		e_VArtFA	e_VRoomH	e_VRoomFA	e_IVArtH	e_IVArtFA	e_IVRoomH	e_IVRoomFA	c_VArtH	c_VArtFA	c_VRoomH	c_VRoomFA	c_IVArtH	c_IVArtFA	c_IVRoomH	c_IVRoomFA 
1	2.006		0		33	1	1	1	1	0	0	1.083	NaN		NaN		NaN		NaN		NaN		NaN		NaN		NaN		NaN		1.00		NaN		NaN		NaN		NaN		NaN		NaN		 
2	10.139		0		34	1	1	1	0	0	1	0.590	NaN		NaN		NaN		NaN		NaN		NaN		NaN		NaN		NaN		0.50		NaN		NaN		NaN		NaN		NaN		NaN		 
3	17.772		1		8	1	1	1	0	0	1	0.909	NaN		0.00		NaN		NaN		NaN		NaN		NaN		NaN		NaN		0.50		NaN		NaN		NaN		NaN		NaN		NaN		 
4	25.722		1		32	1	1	1	1	0	0	1.449	NaN		0.50		NaN		NaN		NaN		NaN		NaN		NaN		NaN		0.50		NaN		NaN		NaN		NaN		NaN		NaN		 
5	34.222		1		39	1	2	0	0	0	1	2.146	NaN		0.50		NaN		NaN		NaN		NaN		NaN		0.00		NaN		0.50		NaN		NaN		NaN		NaN		NaN		NaN		 
6	43.421		1		11	1	1	1	1	0	0	1.143	NaN		0.67		NaN		NaN		NaN		NaN		NaN		0.00		NaN		0.50		NaN		NaN		NaN		NaN		NaN		NaN		 
7	51.621		0		43	1	2	0	0	0	1	1.469	NaN		0.67		NaN		NaN		NaN		NaN		NaN		0.00		NaN		0.50		NaN		NaN		NaN		NaN		NaN		0.00		 
8	60.138		0		22	1	1	1	1	1	1	0.519	NaN		0.67		NaN		NaN		NaN		NaN		NaN		0.00		1.00		0.50		NaN		NaN		NaN		NaN		NaN		0.00		 
9	67.704		0		3	1	1	1	1	1	1	0.891	NaN		0.67		NaN		NaN		NaN		NaN		NaN		0.00		1.00		0.50		NaN		NaN		NaN		NaN		NaN		0.00		 
10	75.637		0		71	1	2	0	1	1	1	0.868	NaN		0.67		NaN		NaN		NaN		NaN		NaN		0.00		1.00		0.50		NaN		NaN		NaN		NaN		1.00		0.00		 
11	88.487		0		74	2	1	0	1	0	0	1.317	NaN		0.67		NaN		NaN		NaN		NaN		NaN		0.00		1.00		0.50		NaN		NaN		NaN		1.00		1.00		0.00		 
12	96.854		1		59	2	2	1	0	0	1	1.387	NaN		0.67		NaN		0.00		NaN		NaN		NaN		0.00		1.00		0.50		NaN		NaN		NaN		1.00		1.00		0.00		 
13	105.287		1		9	2	2	1	1	1	1	0.716	NaN		0.67		1.00		0.00		NaN		NaN		NaN		0.00		1.00		0.50		NaN		NaN		NaN		1.00		1.00		0.00		 
14	113.053		1		38	2	2	1	0	0	1	1.267	NaN		0.67		1.00		0.00		NaN		NaN		NaN		0.00		1.00		0.50		NaN		NaN		NaN		1.00		1.00		0.00		 
15	121.370		0		29	2	2	1	0	0	1	1.398	NaN		0.67		1.00		0.00		NaN		NaN		NaN		0.00		1.00		0.50		NaN		0.00		NaN		1.00		1.00		0.00		 
16	129.820		0		54	2	2	1	1	0	0	0.952	NaN		0.67		1.00		0.00		NaN		NaN		NaN		0.00		1.00		0.50		NaN		0.50		NaN		1.00		1.00		0.00		 
17	137.820		1		60	2	2	1	1	0	0	1.982	NaN		0.67		1.00		0.33		NaN		NaN		NaN		0.00		1.00		0.50		NaN		0.50		NaN		1.00		1.00		0.00		 
18	146.853		0		72	2	2	1	0	0	1	2.346	NaN		0.67		1.00		0.33		NaN		NaN		NaN		0.00		1.00		0.50		NaN		0.33		NaN		1.00		1.00		0.00		 
19	156.253		0		7	2	2	1	1	1	1	0.385	NaN		0.67		1.00		0.33		NaN		NaN		NaN		0.00		1.00		0.50		1.00		0.33		NaN		1.00		1.00		0.00		 
20	163.685		1		78	2	2	1	0	1	0	47.634	NaN		0.67		0.50		0.33		NaN		NaN		NaN		0.00		1.00		0.50		1.00		0.33		NaN		1.00		1.00		0.00		 
21	225.751		1		20	1	2	0	1	1	1	3.822	NaN		0.67		0.50		0.33		NaN		NaN		1.00		0.00		1.00		0.50		1.00		0.33		NaN		1.00		1.00		0.00		 
22	236.618		1		36	1	1	1	0	0	1	0.936	NaN		0.50		0.50		0.33		NaN		NaN		1.00		0.00		1.00		0.50		1.00		0.33		NaN		1.00		1.00		0.00		 
23	244.601		0		5	1	1	1	1	0	0	0.688	NaN		0.50		0.50		0.33		NaN		NaN		1.00		0.00		1.00		0.67		1.00		0.33		NaN		1.00		1.00		0.00		 
24	252.334		1		2	1	1	1	1	1	1	2.255	1.00		0.50		0.50		0.33		NaN		NaN		1.00		0.00		1.00		0.67		1.00		0.33		NaN		1.00		1.00		0.00		 
25	261.634		0		37	1	1	1	1	1	1	0.916	1.00		0.50		0.50		0.33		NaN		NaN		1.00		0.00		1.00		0.67		1.00		0.33		NaN		1.00		1.00		0.00		 
26	269.601		0		18	1	1	1	1	1	1	0.474	1.00		0.50		0.50		0.33		NaN		NaN		1.00		0.00		1.00		0.67		1.00		0.33		NaN		1.00		1.00		0.00		 
27	277.116		0		79	1	1	1	1	0	0	1.352	1.00		0.50		0.50		0.33		NaN		NaN		1.00		0.00		1.00		0.75		1.00		0.33		NaN		1.00		1.00		0.00		 
28	285.516		1		19	1	1	1	0	1	0	0.596	0.50		0.50		0.50		0.33		NaN		NaN		1.00		0.00		1.00		0.75		1.00		0.33		NaN		1.00		1.00		0.00		 
29	293.167		1		58	1	1	1	1	1	1	0.884	0.67		0.50		0.50		0.33		NaN		NaN		1.00		0.00		1.00		0.75		1.00		0.33		NaN		1.00		1.00		0.00		 
30	301.100		0		1	1	2	0	1	1	1	1.358	0.67		0.50		0.50		0.33		NaN		NaN		1.00		0.00		1.00		0.75		1.00		0.33		NaN		1.00		1.00		0.00		 
31	321.149		0		28	2	1	0	0	0	1	3.815	0.67		0.50		0.50		0.33		NaN		NaN		1.00		0.00		1.00		0.75		1.00		0.33		NaN		0.50		1.00		0.00		 
32	332.016		0		61	2	2	1	0	0	1	0.877	0.67		0.50		0.50		0.33		NaN		NaN		1.00		0.00		1.00		0.75		1.00		0.25		NaN		0.50		1.00		0.00		 
33	339.949		1		48	2	2	1	1	0	0	0.453	0.67		0.50		0.50		0.50		NaN		NaN		1.00		0.00		1.00		0.75		1.00		0.25		NaN		0.50		1.00		0.00		 
34	347.449		0		6	2	2	1	1	1	1	0.803	0.67		0.50		0.50		0.50		NaN		NaN		1.00		0.00		1.00		0.75		1.00		0.25		NaN		0.50		1.00		0.00		 
35	355.299		1		25	2	2	1	1	0	0	2.522	0.67		0.50		0.50		0.60		NaN		NaN		1.00		0.00		1.00		0.75		1.00		0.25		NaN		0.50		1.00		0.00		 
36	364.865		1		52	2	2	1	0	1	0	0.665	0.67		0.50		0.33		0.60		NaN		NaN		1.00		0.00		1.00		0.75		1.00		0.25		NaN		0.50		1.00		0.00		 
37	372.582		1		53	2	1	0	1	0	0	1.066	0.67		0.50		0.33		0.60		NaN		1.00		1.00		0.00		1.00		0.75		1.00		0.25		NaN		0.50		1.00		0.00		 
38	380.698		0		80	2	2	1	1	1	1	0.624	0.67		0.50		0.33		0.60		NaN		1.00		1.00		0.00		1.00		0.75		1.00		0.25		NaN		0.50		1.00		0.00		 
39	388.365		1		69	2	2	1	1	0	0	1.292	0.67		0.50		0.33		0.67		NaN		1.00		1.00		0.00		1.00		0.75		1.00		0.25		NaN		0.50		1.00		0.00		 
40	396.698		1		21	2	2	1	1	1	1	0.774	0.67		0.50		0.50		0.67		NaN		1.00		1.00		0.00		1.00		0.75		1.00		0.25		NaN		0.50		1.00		0.00		 
41	410.480		0		30	1	1	1	1	0	0	1.122	0.67		0.50		0.50		0.67		NaN		1.00		1.00		0.00		1.00		0.80		1.00		0.25		NaN		0.50		1.00		0.00		 
42	418.647		0		24	1	1	1	1	0	0	0.870	0.67		0.50		0.50		0.67		NaN		1.00		1.00		0.00		1.00		0.83		1.00		0.25		NaN		0.50		1.00		0.00		 
43	426.564		0		17	1	1	1	1	1	1	0.592	0.67		0.50		0.50		0.67		NaN		1.00		1.00		0.00		1.00		0.83		1.00		0.25		NaN		0.50		1.00		0.00		 
44	434.197		0		56	1	1	1	1	1	1	0.792	0.67		0.50		0.50		0.67		NaN		1.00		1.00		0.00		1.00		0.83		1.00		0.25		NaN		0.50		1.00		0.00		 
45	442.031		1		51	1	1	1	0	1	0	0.368	0.50		0.50		0.50		0.67		NaN		1.00		1.00		0.00		1.00		0.83		1.00		0.25		NaN		0.50		1.00		0.00		 
46	449.447		1		57	1	1	1	1	1	1	0.505	0.60		0.50		0.50		0.67		NaN		1.00		1.00		0.00		1.00		0.83		1.00		0.25		NaN		0.50		1.00		0.00		 
47	456.997		1		15	1	1	1	1	0	0	0.616	0.60		0.60		0.50		0.67		NaN		1.00		1.00		0.00		1.00		0.83		1.00		0.25		NaN		0.50		1.00		0.00		 
48	464.663		1		75	1	1	1	1	1	1	0.495	0.67		0.60		0.50		0.67		NaN		1.00		1.00		0.00		1.00		0.83		1.00		0.25		NaN		0.50		1.00		0.00		 
49	472.213		0		76	1	2	0	1	0	0	0.420	0.67		0.60		0.50		0.67		NaN		1.00		1.00		0.00		1.00		0.83		1.00		0.25		NaN		0.50		1.00		0.50		 
50	479.679		1		35	1	1	1	1	0	0	1.181	0.67		0.67		0.50		0.67		NaN		1.00		1.00		0.00		1.00		0.83		1.00		0.25		NaN		0.50		1.00		0.50		 
51	489.812		0		23	2	1	0	1	1	1	0.876	0.67		0.67		0.50		0.67		NaN		1.00		1.00		0.00		1.00		0.83		1.00		0.25		1.00		0.50		1.00		0.50		 
52	497.729		1		44	2	2	1	1	1	1	0.895	0.67		0.67		0.60		0.67		NaN		1.00		1.00		0.00		1.00		0.83		1.00		0.25		1.00		0.50		1.00		0.50		 
53	505.679		0		42	2	2	1	0	0	1	0.757	0.67		0.67		0.60		0.67		NaN		1.00		1.00		0.00		1.00		0.83		1.00		0.20		1.00		0.50		1.00		0.50		 
54	513.479		1		31	2	2	1	1	0	0	0.766	0.67		0.67		0.60		0.71		NaN		1.00		1.00		0.00		1.00		0.83		1.00		0.20		1.00		0.50		1.00		0.50		 
55	521.296		1		50	2	1	0	0	1	0	1.488	0.67		0.67		0.60		0.71		0.00		1.00		1.00		0.00		1.00		0.83		1.00		0.20		1.00		0.50		1.00		0.50		 
56	529.829		1		66	2	2	1	1	1	1	0.369	0.67		0.67		0.67		0.71		0.00		1.00		1.00		0.00		1.00		0.83		1.00		0.20		1.00		0.50		1.00		0.50		 
57	537.245		0		70	2	2	1	1	1	1	0.471	0.67		0.67		0.67		0.71		0.00		1.00		1.00		0.00		1.00		0.83		1.00		0.20		1.00		0.50		1.00		0.50		 
58	544.762		0		16	2	2	1	1	1	1	0.699	0.67		0.67		0.67		0.71		0.00		1.00		1.00		0.00		1.00		0.83		1.00		0.20		1.00		0.50		1.00		0.50		 
59	552.511		1		14	2	1	0	0	0	1	0.759	0.67		0.67		0.67		0.71		0.00		0.50		1.00		0.00		1.00		0.83		1.00		0.20		1.00		0.50		1.00		0.50		 
60	560.328		1		27	2	2	1	1	1	1	0.396	0.67		0.67		0.71		0.71		0.00		0.50		1.00		0.00		1.00		0.83		1.00		0.20		1.00		0.50		1.00		0.50		 
61	572.644		1		49	1	1	1	1	0	0	1.033	0.67		0.71		0.71		0.71		0.00		0.50		1.00		0.00		1.00		0.83		1.00		0.20		1.00		0.50		1.00		0.50		 
62	580.728		0		46	1	1	1	1	1	1	0.716	0.67		0.71		0.71		0.71		0.00		0.50		1.00		0.00		1.00		0.83		1.00		0.20		1.00		0.50		1.00		0.50		 
63	588.494		0		64	1	1	1	1	0	0	0.530	0.67		0.71		0.71		0.71		0.00		0.50		1.00		0.00		1.00		0.86		1.00		0.20		1.00		0.50		1.00		0.50		 
64	596.077		1		13	1	2	0	1	1	1	1.409	0.67		0.71		0.71		0.71		0.00		0.50		1.00		0.00		1.00		0.86		1.00		0.20		1.00		0.50		1.00		0.50		 
65	604.526		1		77	1	1	1	1	1	1	1.023	0.71		0.71		0.71		0.71		0.00		0.50		1.00		0.00		1.00		0.86		1.00		0.20		1.00		0.50		1.00		0.50		 
66	612.594		0		62	1	1	1	1	1	1	0.364	0.71		0.71		0.71		0.71		0.00		0.50		1.00		0.00		1.00		0.86		1.00		0.20		1.00		0.50		1.00		0.50		 
67	620.010		1		68	1	1	1	1	0	0	0.750	0.71		0.75		0.71		0.71		0.00		0.50		1.00		0.00		1.00		0.86		1.00		0.20		1.00		0.50		1.00		0.50		 
68	627.810		1		26	1	1	1	0	1	0	1.102	0.62		0.75		0.71		0.71		0.00		0.50		1.00		0.00		1.00		0.86		1.00		0.20		1.00		0.50		1.00		0.50		 
69	635.960		1		63	1	2	0	0	0	1	1.266	0.62		0.75		0.71		0.71		0.00		0.50		1.00		0.00		1.00		0.86		1.00		0.20		1.00		0.50		1.00		0.50		 
70	644.276		0		47	1	1	1	1	0	0	1.009	0.62		0.75		0.71		0.71		0.00		0.50		1.00		0.00		1.00		0.88		1.00		0.20		1.00		0.50		1.00		0.50		 
71	654.043		0		41	2	1	0	1	1	1	0.594	0.62		0.75		0.71		0.71		0.00		0.50		1.00		0.00		1.00		0.88		1.00		0.20		1.00		0.50		1.00		0.50		 
72	661.693		0		65	2	2	1	1	0	0	1.696	0.62		0.75		0.71		0.71		0.00		0.50		1.00		0.00		1.00		0.88		1.00		0.33		1.00		0.50		1.00		0.50		 
73	670.442		1		55	2	2	1	0	1	0	0.656	0.62		0.75		0.62		0.71		0.00		0.50		1.00		0.00		1.00		0.88		1.00		0.33		1.00		0.50		1.00		0.50		 
74	678.142		1		67	2	1	0	1	1	1	0.754	0.62		0.75		0.62		0.71		0.50		0.50		1.00		0.00		1.00		0.88		1.00		0.33		1.00		0.50		1.00		0.50		 
75	685.942		0		40	2	2	1	1	1	1	0.609	0.62		0.75		0.62		0.71		0.50		0.50		1.00		0.00		1.00		0.88		1.00		0.33		1.00		0.50		1.00		0.50		 
76	693.592		0		4	2	2	1	1	1	1	0.660	0.62		0.75		0.62		0.71		0.50		0.50		1.00		0.00		1.00		0.88		1.00		0.33		1.00		0.50		1.00		0.50		 
77	701.309		0		10	2	2	1	0	0	1	0.969	0.62		0.75		0.62		0.71		0.50		0.50		1.00		0.00		1.00		0.88		1.00		0.29		1.00		0.50		1.00		0.50		 
78	709.325		0		12	2	2	1	1	0	0	1.237	0.62		0.75		0.62		0.71		0.50		0.50		1.00		0.00		1.00		0.88		1.00		0.38		1.00		0.50		1.00		0.50		 
79	717.608		1		45	2	2	1	1	0	0	1.194	0.62		0.75		0.62		0.75		0.50		0.50		1.00		0.00		1.00		0.88		1.00		0.38		1.00		0.50		1.00		0.50		 
80	725.857		0		73	2	2	1	1	1	1	0.506	0.62		0.75		0.62		0.75		0.50		0.50		1.00		0.00		1.00		0.88		1.00		0.38		1.00		0.50		1.00		0.50		 
