************************************************ 
* artmuse patient study 
* date/time: 
* seed: 209662.6102 
* subject #: 520 
* subject name: S2 
************************************************ 
 
trial	stimOnsetTime	exptCond	stimNum	cue	probe	valid	resp	corResp	Acc	RT	e_VArtH		e_VArtFA	e_VRoomH	e_VRoomFA	e_IVArtH	e_IVArtFA	e_IVRoomH	e_IVRoomFA	c_VArtH	c_VArtFA	c_VRoomH	c_VRoomFA	c_IVArtH	c_IVArtFA	c_IVRoomH	c_IVRoomFA 
1	1.991		0		36	1	2	0	1	0	0	0.694	NaN		NaN		NaN		NaN		NaN		NaN		NaN		NaN		NaN		NaN		NaN		NaN		NaN		NaN		NaN		1.00		 
2	9.742		1		75	1	1	1	0	0	1	0.607	NaN		0.00		NaN		NaN		NaN		NaN		NaN		NaN		NaN		NaN		NaN		NaN		NaN		NaN		NaN		1.00		 
3	17.391		1		51	1	1	1	1	0	0	0.711	NaN		0.50		NaN		NaN		NaN		NaN		NaN		NaN		NaN		NaN		NaN		NaN		NaN		NaN		NaN		1.00		 
4	25.158		0		6	1	2	0	0	1	0	0.797	NaN		0.50		NaN		NaN		NaN		NaN		NaN		NaN		NaN		NaN		NaN		NaN		NaN		NaN		0.00		1.00		 
5	33.008		0		42	1	1	1	0	0	1	0.667	NaN		0.50		NaN		NaN		NaN		NaN		NaN		NaN		NaN		0.00		NaN		NaN		NaN		NaN		0.00		1.00		 
6	40.724		0		70	1	1	1	1	1	1	0.395	NaN		0.50		NaN		NaN		NaN		NaN		NaN		NaN		1.00		0.00		NaN		NaN		NaN		NaN		0.00		1.00		 
7	48.174		1		73	1	1	1	1	1	1	0.751	1.00		0.50		NaN		NaN		NaN		NaN		NaN		NaN		1.00		0.00		NaN		NaN		NaN		NaN		0.00		1.00		 
8	55.974		1		64	1	1	1	1	1	1	0.494	1.00		0.50		NaN		NaN		NaN		NaN		NaN		NaN		1.00		0.00		NaN		NaN		NaN		NaN		0.00		1.00		 
9	63.524		1		39	1	2	0	0	0	1	0.689	1.00		0.50		NaN		NaN		NaN		NaN		NaN		0.00		1.00		0.00		NaN		NaN		NaN		NaN		0.00		1.00		 
10	71.257		1		45	1	1	1	1	1	1	0.659	1.00		0.50		NaN		NaN		NaN		NaN		NaN		0.00		1.00		0.00		NaN		NaN		NaN		NaN		0.00		1.00		 
11	83.690		0		74	2	2	1	0	0	1	0.596	1.00		0.50		NaN		NaN		NaN		NaN		NaN		0.00		1.00		0.00		NaN		0.00		NaN		NaN		0.00		1.00		 
12	91.340		1		77	2	2	1	0	0	1	0.753	1.00		0.50		NaN		0.00		NaN		NaN		NaN		0.00		1.00		0.00		NaN		0.00		NaN		NaN		0.00		1.00		 
13	99.140		1		62	2	1	0	1	0	0	0.966	1.00		0.50		NaN		0.00		NaN		1.00		NaN		0.00		1.00		0.00		NaN		0.00		NaN		NaN		0.00		1.00		 
14	107.156		0		63	2	2	1	0	0	1	0.659	1.00		0.50		NaN		0.00		NaN		1.00		NaN		0.00		1.00		0.00		NaN		0.00		NaN		NaN		0.00		1.00		 
15	114.856		0		44	2	2	1	0	0	1	0.458	1.00		0.50		NaN		0.00		NaN		1.00		NaN		0.00		1.00		0.00		NaN		0.00		NaN		NaN		0.00		1.00		 
16	122.356		0		54	2	2	1	0	0	1	0.668	1.00		0.50		NaN		0.00		NaN		1.00		NaN		0.00		1.00		0.00		NaN		0.00		NaN		NaN		0.00		1.00		 
17	130.072		0		13	2	2	1	1	1	1	0.475	1.00		0.50		NaN		0.00		NaN		1.00		NaN		0.00		1.00		0.00		1.00		0.00		NaN		NaN		0.00		1.00		 
18	137.589		1		68	2	1	0	1	1	1	0.705	1.00		0.50		NaN		0.00		1.00		1.00		NaN		0.00		1.00		0.00		1.00		0.00		NaN		NaN		0.00		1.00		 
19	145.339		1		57	2	2	1	0	0	1	0.488	1.00		0.50		NaN		0.00		1.00		1.00		NaN		0.00		1.00		0.00		1.00		0.00		NaN		NaN		0.00		1.00		 
20	152.872		1		67	2	2	1	1	1	1	0.660	1.00		0.50		1.00		0.00		1.00		1.00		NaN		0.00		1.00		0.00		1.00		0.00		NaN		NaN		0.00		1.00		 
21	166.672		1		76	1	1	1	0	0	1	0.502	1.00		0.33		1.00		0.00		1.00		1.00		NaN		0.00		1.00		0.00		1.00		0.00		NaN		NaN		0.00		1.00		 
22	174.222		0		28	1	1	1	1	1	1	0.755	1.00		0.33		1.00		0.00		1.00		1.00		NaN		0.00		1.00		0.00		1.00		0.00		NaN		NaN		0.00		1.00		 
23	182.021		0		17	1	1	1	1	1	1	0.661	1.00		0.33		1.00		0.00		1.00		1.00		NaN		0.00		1.00		0.00		1.00		0.00		NaN		NaN		0.00		1.00		 
24	189.738		0		29	1	2	0	1	0	0	0.663	1.00		0.33		1.00		0.00		1.00		1.00		NaN		0.00		1.00		0.00		1.00		0.00		NaN		NaN		0.00		1.00		 
25	197.455		1		35	1	2	0	0	1	0	0.785	1.00		0.33		1.00		0.00		1.00		1.00		0.00		0.00		1.00		0.00		1.00		0.00		NaN		NaN		0.00		1.00		 
26	205.288		0		72	1	1	1	0	0	1	0.459	1.00		0.33		1.00		0.00		1.00		1.00		0.00		0.00		1.00		0.00		1.00		0.00		NaN		NaN		0.00		1.00		 
27	212.788		0		38	1	1	1	1	1	1	0.692	1.00		0.33		1.00		0.00		1.00		1.00		0.00		0.00		1.00		0.00		1.00		0.00		NaN		NaN		0.00		1.00		 
28	220.520		1		80	1	1	1	1	1	1	0.540	1.00		0.33		1.00		0.00		1.00		1.00		0.00		0.00		1.00		0.00		1.00		0.00		NaN		NaN		0.00		1.00		 
29	228.108		1		65	1	1	1	1	1	1	0.361	1.00		0.33		1.00		0.00		1.00		1.00		0.00		0.00		1.00		0.00		1.00		0.00		NaN		NaN		0.00		1.00		 
30	235.520		0		25	1	1	1	1	1	1	0.421	1.00		0.33		1.00		0.00		1.00		1.00		0.00		0.00		1.00		0.00		1.00		0.00		NaN		NaN		0.00		1.00		 
31	250.503		0		40	2	2	1	1	1	1	0.618	1.00		0.33		1.00		0.00		1.00		1.00		0.00		0.00		1.00		0.00		1.00		0.00		NaN		NaN		0.00		1.00		 
32	258.170		0		69	2	2	1	0	0	1	0.721	1.00		0.33		1.00		0.00		1.00		1.00		0.00		0.00		1.00		0.00		1.00		0.00		NaN		NaN		0.00		1.00		 
33	265.936		1		19	2	2	1	1	1	1	0.661	1.00		0.33		1.00		0.00		1.00		1.00		0.00		0.00		1.00		0.00		1.00		0.00		NaN		NaN		0.00		1.00		 
34	273.653		1		11	2	2	1	1	1	1	0.794	1.00		0.33		1.00		0.00		1.00		1.00		0.00		0.00		1.00		0.00		1.00		0.00		NaN		NaN		0.00		1.00		 
35	281.502		0		31	2	1	0	0	1	0	0.901	1.00		0.33		1.00		0.00		1.00		1.00		0.00		0.00		1.00		0.00		1.00		0.00		0.00		NaN		0.00		1.00		 
36	289.453		1		59	2	2	1	0	0	1	1.099	1.00		0.33		1.00		0.00		1.00		1.00		0.00		0.00		1.00		0.00		1.00		0.00		0.00		NaN		0.00		1.00		 
37	297.603		0		49	2	1	0	1	0	0	0.743	1.00		0.33		1.00		0.00		1.00		1.00		0.00		0.00		1.00		0.00		1.00		0.00		0.00		1.00		0.00		1.00		 
38	305.385		1		20	2	2	1	1	1	1	0.844	1.00		0.33		1.00		0.00		1.00		1.00		0.00		0.00		1.00		0.00		1.00		0.00		0.00		1.00		0.00		1.00		 
39	313.286		0		53	2	2	1	1	1	1	0.692	1.00		0.33		1.00		0.00		1.00		1.00		0.00		0.00		1.00		0.00		1.00		0.00		0.00		1.00		0.00		1.00		 
40	321.018		0		78	2	2	1	1	1	1	0.450	1.00		0.33		1.00		0.00		1.00		1.00		0.00		0.00		1.00		0.00		1.00		0.00		0.00		1.00		0.00		1.00		 
41	332.085		1		71	1	1	1	1	0	0	0.590	1.00		0.50		1.00		0.00		1.00		1.00		0.00		0.00		1.00		0.00		1.00		0.00		0.00		1.00		0.00		1.00		 
42	339.718		1		66	1	2	0	1	0	0	0.772	1.00		0.50		1.00		0.00		1.00		1.00		0.00		0.50		1.00		0.00		1.00		0.00		0.00		1.00		0.00		1.00		 
43	347.535		0		30	1	1	1	1	1	1	0.652	1.00		0.50		1.00		0.00		1.00		1.00		0.00		0.50		1.00		0.00		1.00		0.00		0.00		1.00		0.00		1.00		 
44	355.235		1		46	1	1	1	0	0	1	1.648	1.00		0.40		1.00		0.00		1.00		1.00		0.00		0.50		1.00		0.00		1.00		0.00		0.00		1.00		0.00		1.00		 
45	363.934		0		58	1	1	1	1	1	1	0.586	1.00		0.40		1.00		0.00		1.00		1.00		0.00		0.50		1.00		0.00		1.00		0.00		0.00		1.00		0.00		1.00		 
46	371.567		0		26	1	1	1	1	1	1	0.621	1.00		0.40		1.00		0.00		1.00		1.00		0.00		0.50		1.00		0.00		1.00		0.00		0.00		1.00		0.00		1.00		 
47	379.235		1		10	1	1	1	0	0	1	0.965	1.00		0.33		1.00		0.00		1.00		1.00		0.00		0.50		1.00		0.00		1.00		0.00		0.00		1.00		0.00		1.00		 
48	387.250		0		8	1	2	0	0	1	0	0.645	1.00		0.33		1.00		0.00		1.00		1.00		0.00		0.50		1.00		0.00		1.00		0.00		0.00		1.00		0.00		1.00		 
49	394.950		0		2	1	1	1	0	0	1	0.595	1.00		0.33		1.00		0.00		1.00		1.00		0.00		0.50		1.00		0.00		1.00		0.00		0.00		1.00		0.00		1.00		 
50	402.601		1		5	1	1	1	1	1	1	0.580	1.00		0.33		1.00		0.00		1.00		1.00		0.00		0.50		1.00		0.00		1.00		0.00		0.00		1.00		0.00		1.00		 
51	414.934		0		23	2	2	1	0	0	1	0.786	1.00		0.33		1.00		0.00		1.00		1.00		0.00		0.50		1.00		0.00		1.00		0.00		0.00		1.00		0.00		1.00		 
52	422.767		0		33	2	2	1	1	1	1	0.652	1.00		0.33		1.00		0.00		1.00		1.00		0.00		0.50		1.00		0.00		1.00		0.00		0.00		1.00		0.00		1.00		 
53	430.467		1		61	2	2	1	0	0	1	0.624	1.00		0.33		1.00		0.00		1.00		1.00		0.00		0.50		1.00		0.00		1.00		0.00		0.00		1.00		0.00		1.00		 
54	438.134		0		50	2	1	0	0	0	1	0.317	1.00		0.33		1.00		0.00		1.00		1.00		0.00		0.50		1.00		0.00		1.00		0.00		0.00		0.50		0.00		1.00		 
55	445.499		0		27	2	2	1	1	1	1	1.124	1.00		0.33		1.00		0.00		1.00		1.00		0.00		0.50		1.00		0.00		1.00		0.00		0.00		0.50		0.00		1.00		 
56	453.667		0		79	2	2	1	1	0	0	1.014	1.00		0.33		1.00		0.00		1.00		1.00		0.00		0.50		1.00		0.00		1.00		0.14		0.00		0.50		0.00		1.00		 
57	461.732		1		4	2	2	1	1	1	1	0.496	1.00		0.33		1.00		0.00		1.00		1.00		0.00		0.50		1.00		0.00		1.00		0.14		0.00		0.50		0.00		1.00		 
58	469.283		1		18	2	1	0	0	0	1	0.534	1.00		0.33		1.00		0.00		1.00		0.50		0.00		0.50		1.00		0.00		1.00		0.14		0.00		0.50		0.00		1.00		 
59	476.865		1		37	2	2	1	1	1	1	0.408	1.00		0.33		1.00		0.00		1.00		0.50		0.00		0.50		1.00		0.00		1.00		0.14		0.00		0.50		0.00		1.00		 
60	484.316		0		15	2	2	1	0	0	1	0.537	1.00		0.33		1.00		0.00		1.00		0.50		0.00		0.50		1.00		0.00		1.00		0.12		0.00		0.50		0.00		1.00		 
61	500.249		1		55	1	1	1	1	1	1	0.473	1.00		0.33		1.00		0.00		1.00		0.50		0.00		0.50		1.00		0.00		1.00		0.12		0.00		0.50		0.00		1.00		 
62	507.765		0		52	1	1	1	0	0	1	0.526	1.00		0.33		1.00		0.00		1.00		0.50		0.00		0.50		1.00		0.00		1.00		0.12		0.00		0.50		0.00		1.00		 
63	515.332		1		32	1	1	1	1	0	0	0.385	1.00		0.43		1.00		0.00		1.00		0.50		0.00		0.50		1.00		0.00		1.00		0.12		0.00		0.50		0.00		1.00		 
64	522.765		0		56	1	1	1	0	0	1	0.442	1.00		0.43		1.00		0.00		1.00		0.50		0.00		0.50		1.00		0.00		1.00		0.12		0.00		0.50		0.00		1.00		 
65	530.248		0		43	1	1	1	0	0	1	0.548	1.00		0.43		1.00		0.00		1.00		0.50		0.00		0.50		1.00		0.00		1.00		0.12		0.00		0.50		0.00		1.00		 
66	537.848		1		21	1	1	1	1	0	0	0.623	1.00		0.50		1.00		0.00		1.00		0.50		0.00		0.50		1.00		0.00		1.00		0.12		0.00		0.50		0.00		1.00		 
67	545.515		0		60	1	1	1	0	0	1	0.568	1.00		0.50		1.00		0.00		1.00		0.50		0.00		0.50		1.00		0.00		1.00		0.12		0.00		0.50		0.00		1.00		 
68	553.131		0		7	1	1	1	0	0	1	0.518	1.00		0.50		1.00		0.00		1.00		0.50		0.00		0.50		1.00		0.00		1.00		0.12		0.00		0.50		0.00		1.00		 
69	560.697		1		41	1	1	1	1	1	1	0.734	1.00		0.50		1.00		0.00		1.00		0.50		0.00		0.50		1.00		0.00		1.00		0.12		0.00		0.50		0.00		1.00		 
70	568.481		1		3	1	2	0	0	1	0	0.617	1.00		0.50		1.00		0.00		1.00		0.50		0.00		0.50		1.00		0.00		1.00		0.12		0.00		0.50		0.00		1.00		 
71	579.430		1		22	2	2	1	0	0	1	0.723	1.00		0.50		1.00		0.00		1.00		0.50		0.00		0.50		1.00		0.00		1.00		0.12		0.00		0.50		0.00		1.00		 
72	587.197		1		9	2	2	1	0	0	1	0.816	1.00		0.50		1.00		0.00		1.00		0.50		0.00		0.50		1.00		0.00		1.00		0.12		0.00		0.50		0.00		1.00		 
73	595.064		0		14	2	2	1	1	1	1	0.989	1.00		0.50		1.00		0.00		1.00		0.50		0.00		0.50		1.00		0.00		1.00		0.12		0.00		0.50		0.00		1.00		 
74	603.096		1		1	2	2	1	1	0	0	0.626	1.00		0.50		1.00		0.14		1.00		0.50		0.00		0.50		1.00		0.00		1.00		0.12		0.00		0.50		0.00		1.00		 
75	610.763		0		34	2	2	1	1	1	1	0.604	1.00		0.50		1.00		0.14		1.00		0.50		0.00		0.50		1.00		0.00		1.00		0.12		0.00		0.50		0.00		1.00		 
76	618.413		1		16	2	1	0	0	1	0	0.852	1.00		0.50		1.00		0.14		0.50		0.50		0.00		0.50		1.00		0.00		1.00		0.12		0.00		0.50		0.00		1.00		 
77	626.312		1		48	2	2	1	1	1	1	0.778	1.00		0.50		1.00		0.14		0.50		0.50		0.00		0.50		1.00		0.00		1.00		0.12		0.00		0.50		0.00		1.00		 
78	634.146		0		12	2	1	0	0	1	0	0.531	1.00		0.50		1.00		0.14		0.50		0.50		0.00		0.50		1.00		0.00		1.00		0.12		0.00		0.50		0.00		1.00		 
79	641.728		1		24	2	2	1	0	0	1	0.606	1.00		0.50		1.00		0.12		0.50		0.50		0.00		0.50		1.00		0.00		1.00		0.12		0.00		0.50		0.00		1.00		 
80	649.379		1		47	2	2	1	1	1	1	0.367	1.00		0.50		1.00		0.12		0.50		0.50		0.00		0.50		1.00		0.00		1.00		0.12		0.00		0.50		0.00		1.00		 
