************************************************ 
* artmuse patient study 
* date/time: 
* seed: 208018.1652 
* subject #: 518 
* subject name: S1 
************************************************ 
 
trial	stimOnsetTime	exptCond	stimNum	cue	probe	valid	resp	corResp	Acc	RT	e_VArtH		e_VArtFA	e_VRoomH	e_VRoomFA	e_IVArtH	e_IVArtFA	e_IVRoomH	e_IVRoomFA	c_VArtH	c_VArtFA	c_VRoomH	c_VRoomFA	c_IVArtH	c_IVArtFA	c_IVRoomH	c_IVRoomFA 
1	1.993		0		16	1	1	1	0	0	1	0.106	NaN		NaN		NaN		NaN		NaN		NaN		NaN		NaN		NaN		0.00		NaN		NaN		NaN		NaN		NaN		NaN		 
2	9.143		0		6	1	1	1	1	1	1	0.414	NaN		NaN		NaN		NaN		NaN		NaN		NaN		NaN		1.00		0.00		NaN		NaN		NaN		NaN		NaN		NaN		 
3	16.610		0		70	1	1	1	1	0	0	0.398	NaN		NaN		NaN		NaN		NaN		NaN		NaN		NaN		1.00		0.50		NaN		NaN		NaN		NaN		NaN		NaN		 
4	24.060		1		50	1	1	1	1	1	1	0.426	1.00		NaN		NaN		NaN		NaN		NaN		NaN		NaN		1.00		0.50		NaN		NaN		NaN		NaN		NaN		NaN		 
5	31.525		0		52	1	2	0	1	0	0	0.412	1.00		NaN		NaN		NaN		NaN		NaN		NaN		NaN		1.00		0.50		NaN		NaN		NaN		NaN		NaN		1.00		 
6	38.993		0		36	1	1	1	1	1	1	0.621	1.00		NaN		NaN		NaN		NaN		NaN		NaN		NaN		1.00		0.50		NaN		NaN		NaN		NaN		NaN		1.00		 
7	46.659		0		71	1	1	1	1	0	0	0.615	1.00		NaN		NaN		NaN		NaN		NaN		NaN		NaN		1.00		0.67		NaN		NaN		NaN		NaN		NaN		1.00		 
8	54.326		0		19	1	1	1	1	0	0	0.489	1.00		NaN		NaN		NaN		NaN		NaN		NaN		NaN		1.00		0.75		NaN		NaN		NaN		NaN		NaN		1.00		 
9	61.858		1		22	1	1	1	1	1	1	0.429	1.00		NaN		NaN		NaN		NaN		NaN		NaN		NaN		1.00		0.75		NaN		NaN		NaN		NaN		NaN		1.00		 
10	69.343		1		35	1	1	1	1	1	1	0.345	1.00		NaN		NaN		NaN		NaN		NaN		NaN		NaN		1.00		0.75		NaN		NaN		NaN		NaN		NaN		1.00		 
11	91.025		1		45	2	2	1	0	1	0	0.818	1.00		NaN		0.00		NaN		NaN		NaN		NaN		NaN		1.00		0.75		NaN		NaN		NaN		NaN		NaN		1.00		 
12	98.892		0		53	2	2	1	0	0	1	0.592	1.00		NaN		0.00		NaN		NaN		NaN		NaN		NaN		1.00		0.75		NaN		0.00		NaN		NaN		NaN		1.00		 
13	106.525		0		9	2	2	1	0	0	1	0.859	1.00		NaN		0.00		NaN		NaN		NaN		NaN		NaN		1.00		0.75		NaN		0.00		NaN		NaN		NaN		1.00		 
14	114.425		1		68	2	2	1	0	0	1	2.048	1.00		NaN		0.00		0.00		NaN		NaN		NaN		NaN		1.00		0.75		NaN		0.00		NaN		NaN		NaN		1.00		 
15	123.524		0		60	2	2	1	1	1	1	0.535	1.00		NaN		0.00		0.00		NaN		NaN		NaN		NaN		1.00		0.75		1.00		0.00		NaN		NaN		NaN		1.00		 
16	131.108		1		25	2	2	1	1	1	1	0.995	1.00		NaN		0.50		0.00		NaN		NaN		NaN		NaN		1.00		0.75		1.00		0.00		NaN		NaN		NaN		1.00		 
17	139.157		0		55	2	2	1	0	0	1	1.043	1.00		NaN		0.50		0.00		NaN		NaN		NaN		NaN		1.00		0.75		1.00		0.00		NaN		NaN		NaN		1.00		 
18	147.257		1		27	2	2	1	1	1	1	2.879	1.00		NaN		0.67		0.00		NaN		NaN		NaN		NaN		1.00		0.75		1.00		0.00		NaN		NaN		NaN		1.00		 
19	157.190		1		72	2	2	1	0	0	1	0.965	1.00		NaN		0.67		0.00		NaN		NaN		NaN		NaN		1.00		0.75		1.00		0.00		NaN		NaN		NaN		1.00		 
20	165.207		0		65	2	2	1	1	1	1	0.922	1.00		NaN		0.67		0.00		NaN		NaN		NaN		NaN		1.00		0.75		1.00		0.00		NaN		NaN		NaN		1.00		 
21	180.823		1		18	1	1	1	1	1	1	0.377	1.00		NaN		0.67		0.00		NaN		NaN		NaN		NaN		1.00		0.75		1.00		0.00		NaN		NaN		NaN		1.00		 
22	188.240		1		61	1	1	1	1	0	0	0.342	1.00		1.00		0.67		0.00		NaN		NaN		NaN		NaN		1.00		0.75		1.00		0.00		NaN		NaN		NaN		1.00		 
23	195.622		1		2	1	1	1	1	0	0	0.412	1.00		1.00		0.67		0.00		NaN		NaN		NaN		NaN		1.00		0.75		1.00		0.00		NaN		NaN		NaN		1.00		 
24	203.090		0		67	1	1	1	0	0	1	0.729	1.00		1.00		0.67		0.00		NaN		NaN		NaN		NaN		1.00		0.60		1.00		0.00		NaN		NaN		NaN		1.00		 
25	210.872		1		11	1	1	1	1	0	0	0.312	1.00		1.00		0.67		0.00		NaN		NaN		NaN		NaN		1.00		0.60		1.00		0.00		NaN		NaN		NaN		1.00		 
26	218.240		1		64	1	1	1	1	0	0	1.873	1.00		1.00		0.67		0.00		NaN		NaN		NaN		NaN		1.00		0.60		1.00		0.00		NaN		NaN		NaN		1.00		 
27	227.155		1		23	1	1	1	1	0	0	0.349	1.00		1.00		0.67		0.00		NaN		NaN		NaN		NaN		1.00		0.60		1.00		0.00		NaN		NaN		NaN		1.00		 
28	234.555		1		21	1	1	1	1	0	0	0.404	1.00		1.00		0.67		0.00		NaN		NaN		NaN		NaN		1.00		0.60		1.00		0.00		NaN		NaN		NaN		1.00		 
29	242.004		0		43	1	1	1	1	1	1	0.362	1.00		1.00		0.67		0.00		NaN		NaN		NaN		NaN		1.00		0.60		1.00		0.00		NaN		NaN		NaN		1.00		 
30	249.422		1		8	1	1	1	1	1	1	0.318	1.00		1.00		0.67		0.00		NaN		NaN		NaN		NaN		1.00		0.60		1.00		0.00		NaN		NaN		NaN		1.00		 
31	265.505		0		44	2	2	1	0	0	1	2.065	1.00		1.00		0.67		0.00		NaN		NaN		NaN		NaN		1.00		0.60		1.00		0.00		NaN		NaN		NaN		1.00		 
32	274.621		0		31	2	1	0	0	0	1	1.650	1.00		1.00		0.67		0.00		NaN		NaN		NaN		NaN		1.00		0.60		1.00		0.00		NaN		0.00		NaN		1.00		 
33	283.321		0		13	2	1	0	1	1	1	3.192	1.00		1.00		0.67		0.00		NaN		NaN		NaN		NaN		1.00		0.60		1.00		0.00		1.00		0.00		NaN		1.00		 
34	293.554		1		47	2	1	0	0	1	0	1.621	1.00		1.00		0.67		0.00		0.00		NaN		NaN		NaN		1.00		0.60		1.00		0.00		1.00		0.00		NaN		1.00		 
35	302.221		1		26	2	2	1	1	0	0	0.998	1.00		1.00		0.67		0.33		0.00		NaN		NaN		NaN		1.00		0.60		1.00		0.00		1.00		0.00		NaN		1.00		 
36	310.271		1		1	2	2	1	1	1	1	0.659	1.00		1.00		0.75		0.33		0.00		NaN		NaN		NaN		1.00		0.60		1.00		0.00		1.00		0.00		NaN		1.00		 
37	317.971		1		75	2	2	1	0	0	1	1.149	1.00		1.00		0.75		0.25		0.00		NaN		NaN		NaN		1.00		0.60		1.00		0.00		1.00		0.00		NaN		1.00		 
38	326.169		0		63	2	2	1	1	1	1	0.371	1.00		1.00		0.75		0.25		0.00		NaN		NaN		NaN		1.00		0.60		1.00		0.00		1.00		0.00		NaN		1.00		 
39	333.587		1		4	2	2	1	1	1	1	1.255	1.00		1.00		0.80		0.25		0.00		NaN		NaN		NaN		1.00		0.60		1.00		0.00		1.00		0.00		NaN		1.00		 
40	341.887		1		7	2	2	1	1	1	1	0.632	1.00		1.00		0.83		0.25		0.00		NaN		NaN		NaN		1.00		0.60		1.00		0.00		1.00		0.00		NaN		1.00		 
41	356.202		0		80	1	1	1	1	1	1	0.231	1.00		1.00		0.83		0.25		0.00		NaN		NaN		NaN		1.00		0.60		1.00		0.00		1.00		0.00		NaN		1.00		 
42	363.487		0		78	1	1	1	1	0	0	1.147	1.00		1.00		0.83		0.25		0.00		NaN		NaN		NaN		1.00		0.67		1.00		0.00		1.00		0.00		NaN		1.00		 
43	371.685		0		62	1	2	0	0	1	0	2.075	1.00		1.00		0.83		0.25		0.00		NaN		NaN		NaN		1.00		0.67		1.00		0.00		1.00		0.00		0.00		1.00		 
44	380.803		0		51	1	1	1	1	1	1	0.348	1.00		1.00		0.83		0.25		0.00		NaN		NaN		NaN		1.00		0.67		1.00		0.00		1.00		0.00		0.00		1.00		 
45	388.203		1		38	1	1	1	1	1	1	0.364	1.00		1.00		0.83		0.25		0.00		NaN		NaN		NaN		1.00		0.67		1.00		0.00		1.00		0.00		0.00		1.00		 
46	395.618		1		14	1	1	1	1	1	1	0.417	1.00		1.00		0.83		0.25		0.00		NaN		NaN		NaN		1.00		0.67		1.00		0.00		1.00		0.00		0.00		1.00		 
47	403.085		0		57	1	1	1	1	1	1	0.600	1.00		1.00		0.83		0.25		0.00		NaN		NaN		NaN		1.00		0.67		1.00		0.00		1.00		0.00		0.00		1.00		 
48	410.735		0		37	1	1	1	1	1	1	0.507	1.00		1.00		0.83		0.25		0.00		NaN		NaN		NaN		1.00		0.67		1.00		0.00		1.00		0.00		0.00		1.00		 
49	418.285		1		56	1	1	1	0	0	1	1.398	1.00		0.86		0.83		0.25		0.00		NaN		NaN		NaN		1.00		0.67		1.00		0.00		1.00		0.00		0.00		1.00		 
50	426.734		1		29	1	1	1	1	0	0	0.368	1.00		0.88		0.83		0.25		0.00		NaN		NaN		NaN		1.00		0.67		1.00		0.00		1.00		0.00		0.00		1.00		 
51	437.968		0		20	2	2	1	1	1	1	0.760	1.00		0.88		0.83		0.25		0.00		NaN		NaN		NaN		1.00		0.67		1.00		0.00		1.00		0.00		0.00		1.00		 
52	445.784		1		79	2	2	1	1	0	0	0.513	1.00		0.88		0.83		0.40		0.00		NaN		NaN		NaN		1.00		0.67		1.00		0.00		1.00		0.00		0.00		1.00		 
53	453.351		0		34	2	2	1	0	0	1	1.868	1.00		0.88		0.83		0.40		0.00		NaN		NaN		NaN		1.00		0.67		1.00		0.00		1.00		0.00		0.00		1.00		 
54	462.267		0		73	2	2	1	1	1	1	0.396	1.00		0.88		0.83		0.40		0.00		NaN		NaN		NaN		1.00		0.67		1.00		0.00		1.00		0.00		0.00		1.00		 
55	469.717		0		54	2	1	0	1	1	1	0.352	1.00		0.88		0.83		0.40		0.00		NaN		NaN		NaN		1.00		0.67		1.00		0.00		1.00		0.00		0.00		1.00		 
56	477.117		1		69	2	2	1	1	0	0	1.246	1.00		0.88		0.83		0.50		0.00		NaN		NaN		NaN		1.00		0.67		1.00		0.00		1.00		0.00		0.00		1.00		 
57	485.417		1		28	2	1	0	0	0	1	1.368	1.00		0.88		0.83		0.50		0.00		0.00		NaN		NaN		1.00		0.67		1.00		0.00		1.00		0.00		0.00		1.00		 
58	493.834		1		58	2	1	0	1	0	0	1.360	1.00		0.88		0.83		0.50		0.00		0.50		NaN		NaN		1.00		0.67		1.00		0.00		1.00		0.00		0.00		1.00		 
59	502.249		0		48	2	2	1	1	1	1	0.501	1.00		0.88		0.83		0.50		0.00		0.50		NaN		NaN		1.00		0.67		1.00		0.00		1.00		0.00		0.00		1.00		 
60	509.800		1		24	2	1	0	0	1	0	1.348	1.00		0.88		0.83		0.50		0.00		0.50		NaN		NaN		1.00		0.67		1.00		0.00		1.00		0.00		0.00		1.00		 
61	521.616		0		74	1	1	1	0	0	1	0.466	1.00		0.88		0.83		0.50		0.00		0.50		NaN		NaN		1.00		0.57		1.00		0.00		1.00		0.00		0.00		1.00		 
62	529.133		1		17	1	2	0	0	0	1	1.976	1.00		0.88		0.83		0.50		0.00		0.50		NaN		0.00		1.00		0.57		1.00		0.00		1.00		0.00		0.00		1.00		 
63	538.166		0		3	1	1	1	1	1	1	0.283	1.00		0.88		0.83		0.50		0.00		0.50		NaN		0.00		1.00		0.57		1.00		0.00		1.00		0.00		0.00		1.00		 
64	545.499		1		15	1	2	0	1	0	0	1.194	1.00		0.88		0.83		0.50		0.00		0.50		NaN		0.50		1.00		0.57		1.00		0.00		1.00		0.00		0.00		1.00		 
65	553.748		1		76	1	2	0	1	1	1	1.665	1.00		0.88		0.83		0.50		0.00		0.50		1.00		0.50		1.00		0.57		1.00		0.00		1.00		0.00		0.00		1.00		 
66	562.466		1		12	1	1	1	1	1	1	0.676	1.00		0.88		0.83		0.50		0.00		0.50		1.00		0.50		1.00		0.57		1.00		0.00		1.00		0.00		0.00		1.00		 
67	570.182		0		77	1	2	0	0	1	0	2.568	1.00		0.88		0.83		0.50		0.00		0.50		1.00		0.50		1.00		0.57		1.00		0.00		1.00		0.00		0.00		1.00		 
68	579.798		0		59	1	1	1	0	0	1	0.685	1.00		0.88		0.83		0.50		0.00		0.50		1.00		0.50		1.00		0.50		1.00		0.00		1.00		0.00		0.00		1.00		 
69	587.531		0		10	1	2	0	1	0	0	0.388	1.00		0.88		0.83		0.50		0.00		0.50		1.00		0.50		1.00		0.50		1.00		0.00		1.00		0.00		0.00		1.00		 
70	594.965		1		5	1	2	0	1	1	1	2.038	1.00		0.88		0.83		0.50		0.00		0.50		1.00		0.50		1.00		0.50		1.00		0.00		1.00		0.00		0.00		1.00		 
71	610.064		1		33	2	2	1	0	0	1	1.790	1.00		0.88		0.83		0.43		0.00		0.50		1.00		0.50		1.00		0.50		1.00		0.00		1.00		0.00		0.00		1.00		 
72	618.897		0		30	2	1	0	1	0	0	1.783	1.00		0.88		0.83		0.43		0.00		0.50		1.00		0.50		1.00		0.50		1.00		0.00		1.00		0.50		0.00		1.00		 
73	627.731		1		40	2	2	1	0	0	1	1.098	1.00		0.88		0.83		0.38		0.00		0.50		1.00		0.50		1.00		0.50		1.00		0.00		1.00		0.50		0.00		1.00		 
74	635.881		0		46	2	2	1	1	1	1	0.669	1.00		0.88		0.83		0.38		0.00		0.50		1.00		0.50		1.00		0.50		1.00		0.00		1.00		0.50		0.00		1.00		 
75	643.597		0		39	2	2	1	0	0	1	0.751	1.00		0.88		0.83		0.38		0.00		0.50		1.00		0.50		1.00		0.50		1.00		0.00		1.00		0.50		0.00		1.00		 
76	651.397		0		41	2	2	1	0	0	1	1.256	1.00		0.88		0.83		0.38		0.00		0.50		1.00		0.50		1.00		0.50		1.00		0.00		1.00		0.50		0.00		1.00		 
77	659.697		1		42	2	2	1	1	1	1	1.141	1.00		0.88		0.86		0.38		0.00		0.50		1.00		0.50		1.00		0.50		1.00		0.00		1.00		0.50		0.00		1.00		 
78	667.879		0		49	2	2	1	1	1	1	0.425	1.00		0.88		0.86		0.38		0.00		0.50		1.00		0.50		1.00		0.50		1.00		0.00		1.00		0.50		0.00		1.00		 
79	675.347		0		32	2	2	1	1	0	0	0.866	1.00		0.88		0.86		0.38		0.00		0.50		1.00		0.50		1.00		0.50		1.00		0.12		1.00		0.50		0.00		1.00		 
80	683.262		1		66	2	2	1	1	1	1	0.819	1.00		0.88		0.88		0.38		0.00		0.50		1.00		0.50		1.00		0.50		1.00		0.12		1.00		0.50		0.00		1.00		 
